chr1	0	1503	190.936
chr1	1504	3021	192.251
chr1	3023	4509	195.254
chr1	4510	6050	171.356
chr1	6051	7696	168.264
chr1	7698	9169	205.205
chr1	9170	10629	206.723
chr1	10631	12228	164.792
chr1	12229	13704	202.459
chr1	13705	15206	212.024
chr1	15207	16451	340.522
chr1	16452	18051	195.276
chr1	18052	19593	197.641
chr1	19594	21294	138.89
chr1	21295	22923	137.416
chr1	22924	24246	367.771
chr1	24247	25848	174.497
chr1	25849	27267	204.157
chr1	27268	28755	215.226
chr1	28757	30267	183.321
chr1	30270	31814	189.611
chr1	31815	33367	178.449
chr1	33368	34916	188.74
chr1	34918	36445	186.823
chr1	36447	37934	198.13
chr1	37935	39449	202.032
chr1	39450	40953	174.038
chr1	40954	42463	202.793
chr1	42464	43947	204.782
chr1	43949	45535	187.936
chr1	45536	47151	165.03
chr1	47152	48801	171.084
chr1	48802	50311	184.192
chr1	50313	51855	178.928
chr1	51857	53420	180.475
chr1	53421	54972	177.313
chr1	54974	56447	194.172
chr1	56450	57931	194.993
chr1	57932	59422	193.774
chr1	59423	60964	190.835
chr1	60965	62457	191.98
chr1	62459	64004	195.206
chr1	64005	65526	179.722
chr1	65527	66934	221.685
chr1	66935	68473	190.52
chr1	68474	70040	183.67
chr1	70041	71598	178.71
chr1	71599	73121	187.959
chr1	73122	74657	173.69
chr1	74658	76177	194.82
chr1	76178	77697	191.241
chr1	77698	79291	162.981
chr1	79292	80815	183.68
chr1	80816	82354	180.003
chr1	82358	83969	166.415
chr1	83970	85433	193.068
chr1	85434	87006	161.383
chr1	87008	88574	155.981
chr1	88575	90081	176.09
chr1	90084	91616	205.656
chr1	91618	93140	177.599
chr1	93143	94647	200.03
chr1	94648	96182	190.171
chr1	96183	97760	182.374
chr1	97762	99278	183.492
chr1	99281	100799	174.648
chr1	100801	102346	182.804
chr1	102347	103813	198.487
chr1	103815	105321	196.354
chr1	105324	106888	183.053
chr1	106889	108458	172.294
chr1	108460	109982	200.582
chr1	109983	111555	168.026
chr1	111556	113032	199.836
chr1	113034	114523	195.647
chr1	114524	116033	188.926
chr1	116034	117551	186.111
chr1	117555	119153	162.184
chr1	119154	120698	163.604
chr1	120700	122223	179.569
chr1	122224	123692	181.687
chr1	123693	125289	171.992
chr1	125290	126852	180.072
chr1	126854	128477	160.486
chr1	128478	129993	168.976
chr1	129994	131527	182.216
chr1	131529	133044	188.562
chr1	133046	134643	179.089
chr1	134644	136129	202.991
chr1	136131	137698	164.206
chr1	137699	139207	172.027
chr1	139208	140828	164.098
chr1	140829	142346	198.606
chr1	142349	143880	179.245
chr1	143881	145387	183.565
chr1	145388	146944	164.727
chr1	146945	148467	182.673
chr1	148468	150055	179.004
chr1	150058	151635	166.324
chr1	151636	153228	160.738
chr1	153231	154848	159.356
chr1	154849	156413	178.095
chr1	156416	158030	154.164
chr1	158031	159547	167.27
chr1	159548	161169	170.734
chr1	161170	162735	186.076
chr1	162736	164307	168.708
chr1	164309	165921	175.95
chr1	165922	167567	154.492
chr1	167570	169175	180.373
chr1	169176	170767	167.743
chr1	170768	172411	162.673
chr1	172412	173981	184.335
chr1	173982	175591	171.081
chr1	175592	177123	161.329
chr1	177124	178779	169.406
chr1	178780	180356	160.558
chr1	180357	181921	181.598
chr1	181922	183547	153.568
chr1	183548	185099	171.155
chr1	185103	186690	177.533
chr1	186691	188320	169.829
chr1	188325	189864	174.293
chr1	189866	191442	169.024
chr1	191443	193008	180.558
chr1	193010	194564	173.888
chr1	194565	196202	164.834
chr1	196203	197763	197.81
chr1	197764	199292	179.835
chr1	199293	200819	182.359
chr1	200821	202386	176.044
chr1	202387	203991	180.804
chr1	203992	205540	181.868
chr1	205543	207138	177.474
chr1	207139	208724	187.456
chr1	208725	210196	193.071
chr1	210197	211755	171.389
chr1	211756	213318	181.996
chr1	213322	214819	163.172
chr1	214820	216320	171.435
chr1	216323	217868	174.628
chr1	217869	219467	157.573
chr1	219468	221094	174.877
chr1	221096	222696	172.479
chr1	222698	224317	158.055
chr1	224321	225837	182.423
chr1	225838	227297	251.103
chr1	227298	228534	365.777
chr1	228537	229796	297.246
chr1	229797	231031	356.495
chr1	231032	232398	274.885
chr1	232403	234120	156.397
chr1	234122	235636	174.515
chr1	235638	237221	179.699
chr1	237222	238742	174.902
chr1	238743	240328	180.696
chr1	240330	241722	293.172
chr1	241723	243249	222.968
chr1	243250	244916	154.233
chr1	244917	246472	184.142
chr1	246475	247998	190.521
chr1	248005	249566	178.346
chr1	249567	251238	143.221
chr1	251240	252772	166.098
chr1	252774	254214	197.076
chr1	254215	255796	163.441
chr1	255797	257468	151.399
chr1	257469	259049	154.521
chr1	259050	260599	187.019
chr1	260600	262113	199.505
chr1	262114	263446	356.424
chr1	263448	265038	170.815
chr1	265041	266599	177.278
chr1	266601	268140	183.57
chr1	268141	269721	168.327
chr1	269722	271243	170.492
chr1	271244	272791	189.042
chr1	272792	274413	158.255
chr1	274414	275996	155.442
chr1	275998	277601	164.311
chr1	277603	279163	171.359
chr1	279164	280617	189.707
chr1	280622	282259	157.661
chr1	282261	283852	170.302
chr1	283853	285511	159.268
chr1	285512	287104	159.394
chr1	287106	288693	168.771
chr1	288695	290289	160.365
chr1	290290	291868	172.341
chr1	291869	293300	196.999
chr1	293301	294875	163.733
chr1	294876	296474	169.599
chr1	296475	298007	190.594
chr1	298008	299509	199.043
chr1	299510	301004	200.615
chr1	301005	302525	171.61
chr1	302526	304090	174.958
chr1	304091	305668	172.991
chr1	305670	307218	168.126
chr1	307220	308813	194.665
chr1	308814	310395	178.75
chr1	310397	311988	188.397
chr1	311990	313555	182.92
chr1	313556	315208	159.2
chr1	315211	316811	183.848
chr1	316813	318438	167.089
chr1	318440	319885	214.973
chr1	319886	321446	181.09
chr1	321448	322956	198.29
chr1	322957	324494	195.225
chr1	324496	325967	192.759
chr1	325968	327442	217.771
chr1	327443	328870	221.726
chr1	328871	330403	175.199
chr1	330405	331938	184.602
chr1	331939	333478	182.623
chr1	333479	334925	203.516
chr1	334929	336402	214.634
chr1	336403	337816	211.544
chr1	337817	339281	200.231
chr1	339282	340779	196.19
chr1	340782	342338	184.697
chr1	342339	343817	202.345
chr1	343818	345248	198.179
chr1	345249	346773	187.691
chr1	346774	348273	198.756
chr1	348275	349869	162.237
chr1	349870	351169	335.294
chr1	351171	352706	200.676
chr1	352707	354247	194.248
chr1	354250	355790	202.762
chr1	355791	357433	148.057
chr1	357434	358976	176.217
chr1	358978	360583	163.623
chr1	360585	362184	162.645
chr1	362188	363789	169.29
chr1	363790	365465	150.093
chr1	365466	367126	153.518
chr1	367127	368779	154.058
chr1	368780	370363	164.095
chr1	370364	372017	152.203
chr1	372018	373559	163.493
chr1	373560	374866	333.932
chr1	374869	376435	186.86
chr1	376436	377965	179.868
chr1	377966	379499	188.054
chr1	379500	381043	189.243
chr1	381044	382636	181.578
chr1	382637	384195	159.978
chr1	384196	385826	152.657
chr1	385828	387330	176.375
chr1	387331	388861	181.085
chr1	388862	390342	197.733
chr1	390344	391951	169.153
chr1	391952	393597	155.897
chr1	393599	395125	179.566
chr1	395126	396691	163.677
chr1	396693	398272	163.725
chr1	398274	399939	169.852
chr1	399940	401554	175.55
chr1	401555	403125	172.483
chr1	403127	404678	167.908
chr1	404679	406263	170.836
chr1	406264	407847	175.772
chr1	407849	409348	195.795
chr1	409350	410830	207.172
chr1	410831	412365	182.392
chr1	412366	413969	177.8
chr1	413971	415518	185.656
chr1	415519	417060	183.174
chr1	417061	418530	186.959
chr1	418531	420096	173.665
chr1	420097	421639	206.397
chr1	421642	423184	168.869
chr1	423186	424710	195.986
chr1	424711	426290	174.76
chr1	426292	427543	338.461
chr1	427546	429064	209.304
chr1	429065	430564	176.528
chr1	430565	432172	175.496
chr1	432174	433823	168.014
chr1	433824	435345	174.8
chr1	435346	436955	154.504
chr1	436957	438628	169.347
chr1	438631	440139	180.965
chr1	440140	441612	176.507
chr1	441613	443172	175.117
chr1	443173	444751	166.235
chr1	444752	446217	211.891
chr1	446218	447738	177.178
chr1	447739	449323	164.152
chr1	449324	450875	185.229
chr1	450877	452423	179.573
chr1	452426	453879	209.822
chr1	453881	455393	192.814
chr1	455394	456938	181.54
chr1	456940	458458	175.236
chr1	458459	459952	199.373
chr1	459954	461490	192.337
chr1	461491	463064	168.141
chr1	463065	464554	187.695
chr1	464556	466085	190.425
chr1	466086	467599	191.084
chr1	467601	469157	170.011
chr1	469161	470683	183.275
chr1	470684	472182	194.102
chr1	472183	473752	159.922
chr1	473753	475355	176.029
chr1	475356	476919	173.099
chr1	476920	478351	224.92
chr1	478353	479876	184.163
chr1	479877	481430	175.621
chr1	481431	482888	195.295
chr1	482889	484441	173.915
chr1	484443	486032	183.257
chr1	486033	487547	203.055
chr1	487548	488990	192.154
chr1	488991	490480	193.264
chr1	490481	492012	177.695
chr1	492018	493700	170.372
chr1	493702	495023	287.599
chr1	495025	496414	234.209
chr1	496416	498032	155.278
chr1	498037	499582	175.264
chr1	499583	501144	189.123
chr1	501145	502652	195.226
chr1	502653	504143	194.431
chr1	504145	505693	174.824
chr1	505696	507267	184.462
chr1	507268	508783	197.291
chr1	508784	510300	206.805
chr1	510301	511832	177.014
chr1	511833	513447	174.47
chr1	513448	514995	183.472
chr1	514996	516556	191.34
chr1	516557	518097	190.558
chr1	518100	519554	201.069
chr1	519555	521042	190.454
chr1	521045	522546	208.624
chr1	522547	524074	192.875
chr1	524075	525597	196.008
chr1	525598	527163	179.672
chr1	527165	528773	155.566
chr1	528775	530311	170.499
chr1	530313	531837	176.419
chr1	531838	533367	183.23
chr1	533369	534874	185.155
chr1	534875	536425	179.448
chr1	536427	538096	146.926
chr1	538097	539789	143.943
chr1	539790	541354	170.39
chr1	541358	542858	196.413
chr1	542859	544212	317.849
chr1	544213	545694	213.659
chr1	545696	547170	190.096
chr1	547173	548705	176.588
chr1	548706	550214	190.599
chr1	550216	551815	163.107
chr1	551816	553356	164.012
chr1	553358	554880	170.145
chr1	554881	556483	170.751
chr1	556486	557992	171.802
chr1	557993	559532	201.973
chr1	559534	561043	196.859
chr1	561045	562596	187.624
chr1	562597	564171	178.104
chr1	564173	565673	187.804
chr1	565675	567033	287.746
chr1	567034	568246	404.565
chr1	568247	569512	327.386
chr1	569513	570953	239.054
chr1	570954	572421	206.829
chr1	572423	574030	173.308
chr1	574031	575601	190.048
chr1	575603	577202	167.676
chr1	577204	578811	171.391
chr1	578812	580441	163.015
chr1	580442	581898	193.716
chr1	581899	583548	173.889
chr1	583550	585120	171.86
chr1	585122	586640	188.425
chr1	586641	588219	186.637
chr1	588220	589843	154.111
chr1	589845	591448	173.784
chr1	591449	592946	195.594
chr1	592947	594587	167.885
chr1	594588	596139	182.74
chr1	596141	597492	336.05
chr1	597493	599015	211.72
chr1	599016	600474	190.621
chr1	600476	602005	167.757
chr1	602007	603596	176.874
chr1	603597	605123	176.069
chr1	605124	606637	180.287
chr1	606639	608150	190.4
chr1	608151	609633	208.961
chr1	609634	611095	210.416
chr1	611096	612414	326.921
chr1	612416	613894	196.077
chr1	613895	615402	183.129
chr1	615404	617048	148.798
chr1	617050	618638	163.999
chr1	618639	620190	175.727
chr1	620191	621783	156.138
chr1	621785	623384	167.585
chr1	623385	624913	200.117
chr1	624914	626473	185.836
chr1	626474	628039	173.744
chr1	628042	629599	192.097
chr1	629600	631125	178.245
chr1	631126	632651	193.283
chr1	632652	634144	191.94
chr1	634145	635765	181.916
chr1	635766	637350	169.287
chr1	637353	638918	171.611
chr1	638919	640467	180.571
chr1	640469	642047	162.221
chr1	642048	643373	317.72
chr1	643374	644814	229.55
chr1	644816	646430	161.799
chr1	646431	648030	162.108
chr1	648032	649616	175.979
chr1	649617	651123	181.863
chr1	651125	652715	166.292
chr1	652716	654171	209.117
chr1	654172	655728	165.206
chr1	655730	657282	184.276
chr1	657283	658825	182.357
chr1	658826	660396	207.152
chr1	660397	661916	178.746
chr1	661917	663601	149.025
chr1	663603	665178	155.449
chr1	665179	666728	193.805
chr1	666732	668354	169.108
chr1	668355	669862	180.74
chr1	669863	671397	167.964
chr1	671398	672916	174.894
chr1	672918	674429	190.153
chr1	674431	676012	168.105
chr1	676013	677581	170.202
chr1	677582	679095	180.432
chr1	679098	680613	185.836
chr1	680614	682226	169.243
chr1	682227	683694	198.056
chr1	683695	685217	196.574
chr1	685219	686675	199.23
chr1	686679	688148	202.075
chr1	688149	689813	150.657
chr1	689814	691253	208.833
chr1	691254	692704	193.486
chr1	692705	694389	163.201
chr1	694390	695999	156.75
chr1	696001	697589	184.143
chr1	697590	699132	199.881
chr1	699134	700709	176.399
chr1	700710	702227	187.815
chr1	702228	703714	207.68
chr1	703715	705307	177.144
chr1	705310	706897	171.007
chr1	706899	708393	181.497
chr1	708394	709851	199.793
chr1	709854	711480	158.118
chr1	711483	713041	181.682
chr1	713042	714636	172.74
chr1	714637	716203	183.073
chr1	716204	717741	201.382
chr1	717742	719276	195.695
chr1	719281	720790	193.577
chr1	720792	722225	215.062
chr1	722226	723742	179.043
chr1	723743	725318	159.19
chr1	725320	726822	178.868
chr1	726823	728354	180.155
chr1	728356	730006	167.663
chr1	730007	731490	210.006
chr1	731492	733006	216.287
chr1	733007	734483	186.843
chr1	734485	736136	161.483
chr1	736137	737645	207.375
chr1	737647	739204	173.514
chr1	739206	740798	165.518
chr1	740800	742249	186.033
chr1	742250	743761	190.486
chr1	743762	745233	192.415
chr1	745234	746801	189.012
chr1	746802	748360	189.723
chr1	748362	749929	171.259
chr1	749930	751465	190.941
chr1	751466	753049	173.995
chr1	753051	754597	182.624
chr1	754598	756159	184.031
chr1	756160	757850	150.354
chr1	757851	759542	131.567
chr1	759545	761147	165.322
chr1	761150	762642	207.277
chr1	762643	764256	163.047
chr1	764258	765739	206.862
chr1	765740	767237	192.989
chr1	767238	768684	225.534
chr1	768686	770155	206.784
chr1	770156	771625	193.36
chr1	771627	773192	189.41
chr1	773193	774830	162.732
chr1	774831	776387	184.846
chr1	776388	777915	202.307
chr1	777916	779485	191.089
chr1	779487	781027	190.838
chr1	781029	782593	199.283
chr1	782594	784123	189.238
chr1	784124	785682	186.452
chr1	785683	787260	175.144
chr1	787261	788776	177.718
chr1	788777	790327	184.521
chr1	790328	791829	198.574
chr1	791830	793353	178.729
chr1	793354	794893	183.107
chr1	794894	796417	193.759
chr1	796418	797994	202.086
chr1	797995	799445	193.558
chr1	799447	800963	197.968
chr1	800964	802525	194.009
chr1	802526	804117	181.111
chr1	804118	805694	180.658
chr1	805695	807168	192.133
chr1	807169	808683	180.511
chr1	808685	810134	201.211
chr1	810136	811587	204.975
chr1	811588	813119	190.8
chr1	813120	814680	180.394
chr1	814681	816307	177.981
chr1	816309	817854	185.522
chr1	817855	819419	180.276
chr1	819421	820915	191.197
chr1	820916	822505	165.595
chr1	822506	824101	174.331
chr1	824102	825607	198.101
chr1	825609	827236	163.364
chr1	827237	828728	198.787
chr1	828729	830341	175.2
chr1	830342	831901	183.05
chr1	831903	833402	185.754
chr1	833403	834908	192.856
chr1	834909	836425	185.18
chr1	836426	837962	183.161
chr1	837964	839459	191.348
chr1	839460	840978	176.918
chr1	840980	842550	159.922
chr1	842552	844118	161.348
chr1	844119	845616	193.216
chr1	845618	847198	180.62
chr1	847205	848817	158.507
chr1	848818	850332	186.464
chr1	850334	851784	219.309
chr1	851785	853304	171.913
chr1	853305	854842	190.531
chr1	854843	856451	169.901
chr1	856452	857940	199.542
chr1	857942	859461	193.256
chr1	859462	860984	179.207
chr1	860986	862554	186.45
chr1	862555	864069	192.622
chr1	864070	865626	179.359
chr1	865627	867112	207.786
chr1	867115	868631	191.827
chr1	868632	870129	206.301
chr1	870130	871644	184.23
chr1	871648	873276	181.288
chr1	873277	874837	179.011
chr1	874838	876367	190.004
chr1	876370	877899	185.482
chr1	877900	879453	185.407
chr1	879456	880985	188.965
chr1	880987	882484	194.582
chr1	882485	884081	189.522
chr1	884082	885679	162.339
chr1	885682	887209	194.201
chr1	887210	888824	179.252
chr1	888825	890495	162.285
chr1	890496	892048	183.636
chr1	892050	893631	166.576
chr1	893632	895218	183.198
chr1	895220	896719	181.255
chr1	896720	898198	194.649
chr1	898199	899682	189.784
chr1	899683	901251	161.732
chr1	901252	902745	208.274
chr1	902746	904250	199.88
chr1	904254	905752	177.716
chr1	905755	907240	185.204
chr1	907241	908748	194.454
chr1	908749	910249	189.634
chr1	910250	911735	189.355
chr1	911736	913257	192.96
chr1	913258	914828	195.467
chr1	914829	916367	192.709
chr1	916369	917896	197.057
chr1	917897	919354	205.127
chr1	919355	920874	189.913
chr1	920875	922417	181.966
chr1	922418	924009	163.266
chr1	924011	925534	181.949
chr1	925535	926987	223.406
chr1	926989	928465	210.39
chr1	928466	930047	181.665
chr1	930048	931591	195.144
chr1	931593	933133	175.93
chr1	933134	934707	173.599
chr1	934708	936172	216.943
chr1	936174	937661	199.58
chr1	937662	939176	190.96
chr1	939178	940690	208.909
chr1	940691	942164	201.849
chr1	942165	943622	179.331
chr1	943623	945186	183.371
chr1	945187	946760	181.145
chr1	946762	948292	185.493
chr1	948293	949789	195.294
chr1	949790	951227	208.131
chr1	951228	952735	197.426
chr1	952736	954212	191.023
chr1	954213	955766	186.655
chr1	955767	957211	210.388
chr1	957212	958687	198.13
chr1	958688	960231	166.851
chr1	960232	961720	184.709
chr1	961726	963212	207.999
chr1	963213	964681	191.928
chr1	964682	966270	172.639
chr1	966271	967795	170.668
chr1	967796	969314	176.171
chr1	969315	970808	191.674
chr1	970809	972472	152.799
chr1	972473	974126	152.419
chr1	974127	975738	168.382
chr1	975741	977277	177.325
chr1	977278	978733	182.425
chr1	978734	980251	193.359
chr1	980254	981759	216.782
chr1	981760	983317	206.736
chr1	983318	984851	197.065
chr1	984852	986352	189.744
chr1	986353	987899	179.001
chr1	987900	989387	202.179
chr1	989388	990927	189.48
chr1	990930	992424	187.691
chr1	992425	993925	189.195
chr1	993927	995466	182.884
chr1	995467	996957	194.026
chr1	996959	998427	204.111
chr1	998428	999929	208.039
chr1	999930	1001416	185.3
chr1	1001417	1002915	179.952
chr1	1002917	1004387	188.433
chr1	1004388	1005918	179.83
chr1	1005919	1007483	168.194
chr1	1007484	1008968	220.282
chr1	1008970	1010415	221.42
chr1	1010418	1011874	179.0
chr1	1011877	1013364	180.182
chr1	1013365	1014969	187.097
chr1	1014973	1016462	192.429
chr1	1016463	1017970	205.924
chr1	1017971	1019476	196.012
chr1	1019477	1021011	197.744
chr1	1021013	1022535	212.84
chr1	1022538	1024035	188.146
chr1	1024037	1025675	172.897
chr1	1025676	1027266	180.043
chr1	1027267	1028725	207.074
chr1	1028726	1030248	196.662
chr1	1030251	1031729	203.498
chr1	1031730	1033208	192.489
chr1	1033211	1034702	187.645
chr1	1034703	1036195	214.257
chr1	1036196	1037799	168.618
chr1	1037800	1039410	150.411
chr1	1039412	1040878	194.292
chr1	1040881	1042440	187.77
chr1	1042441	1043942	191.959
chr1	1043943	1045453	187.343
chr1	1045454	1046928	208.926
chr1	1046929	1048501	195.428
chr1	1048505	1050058	219.989
chr1	1050059	1051575	187.193
chr1	1051577	1053139	182.07
chr1	1053141	1054673	166.947
chr1	1054676	1056148	193.182
chr1	1056150	1057691	190.803
chr1	1057692	1059179	180.546
chr1	1059180	1060739	178.778
chr1	1060742	1062343	165.595
chr1	1062345	1063893	166.783
chr1	1063895	1065483	173.845
chr1	1065485	1067069	154.453
chr1	1067071	1068467	282.133
chr1	1068468	1069891	229.74
chr1	1069895	1071377	199.082
chr1	1071378	1072841	205.314
chr1	1072842	1074417	178.541
chr1	1074418	1075956	183.902
chr1	1075960	1077508	185.198
chr1	1077510	1079060	177.321
chr1	1079061	1080559	190.291
chr1	1080560	1082105	188.946
chr1	1082106	1083648	210.009
chr1	1083649	1085170	205.286
chr1	1085171	1086674	190.288
chr1	1086675	1088182	220.023
chr1	1088184	1089738	192.751
chr1	1089739	1091412	159.9
chr1	1091413	1092950	197.243
chr1	1092951	1094460	178.547
chr1	1094461	1095941	199.507
chr1	1095943	1097453	188.114
chr1	1097454	1098944	220.862
chr1	1098945	1100413	196.197
chr1	1100414	1101895	218.301
chr1	1101896	1103397	186.838
chr1	1103398	1105000	176.602
chr1	1105001	1106589	181.044
chr1	1106590	1108083	209.192
chr1	1108084	1109524	227.887
chr1	1109525	1111033	177.714
chr1	1111034	1112538	210.811
chr1	1112539	1114045	198.082
chr1	1114046	1115521	189.722
chr1	1115522	1117062	182.339
chr1	1117065	1118607	195.771
chr1	1118608	1120129	191.127
chr1	1120130	1121727	172.139
chr1	1121729	1123254	181.778
chr1	1123255	1124766	192.537
chr1	1124768	1126327	173.335
chr1	1126331	1127854	189.802
chr1	1127855	1129333	204.912
chr1	1129334	1130821	191.984
chr1	1130823	1132329	200.237
chr1	1132331	1133873	183.343
chr1	1133875	1135507	169.198
chr1	1135508	1136998	203.886
chr1	1137000	1138556	185.587
chr1	1138559	1140033	205.173
chr1	1140034	1141566	179.347
chr1	1141567	1143141	203.357
chr1	1143142	1144644	193.431
chr1	1144645	1146224	181.837
chr1	1146226	1147701	197.277
chr1	1147703	1149245	184.227
chr1	1149246	1150789	176.436
chr1	1150790	1152009	409.676
chr1	1152010	1153532	174.965
chr1	1153533	1155110	173.046
chr1	1155111	1156715	184.965
chr1	1156716	1158216	179.487
chr1	1158219	1159648	192.056
chr1	1159650	1161209	189.398
chr1	1161210	1162690	191.821
chr1	1162691	1164202	191.667
chr1	1164203	1165782	171.44
chr1	1165785	1167355	186.56
chr1	1167356	1168945	184.848
chr1	1168946	1170588	150.353
chr1	1170591	1172146	191.66
chr1	1172148	1173727	160.187
chr1	1173728	1175372	151.156
chr1	1175376	1177050	139.809
chr1	1177052	1178624	168.821
chr1	1178626	1180180	185.756
chr1	1180181	1181744	167.085
chr1	1181745	1183319	182.678
chr1	1183320	1184893	168.413
chr1	1184894	1186412	164.699
chr1	1186413	1188096	145.296
chr1	1188097	1189637	177.305
chr1	1189638	1191126	191.763
chr1	1191127	1192697	176.766
chr1	1192698	1194251	176.086
chr1	1194252	1195798	179.089
chr1	1195800	1197415	185.468
chr1	1197416	1198978	157.479
chr1	1198981	1200639	151.432
chr1	1200640	1202169	176.912
chr1	1202170	1203780	159.72
chr1	1203781	1205414	155.404
chr1	1205416	1206895	190.895
chr1	1206896	1208418	174.089
chr1	1208419	1209984	182.343
chr1	1209985	1211491	188.014
chr1	1211492	1213015	183.444
chr1	1213017	1214618	179.573
chr1	1214619	1216137	179.646
chr1	1216139	1217621	195.376
chr1	1217623	1219121	196.124
chr1	1219122	1220674	187.799
chr1	1220676	1222120	207.939
chr1	1222121	1223650	193.488
chr1	1223651	1225123	218.332
chr1	1225124	1226688	176.795
chr1	1226691	1228234	189.59
chr1	1228236	1229748	187.237
chr1	1229750	1231218	210.948
chr1	1231219	1232699	211.046
chr1	1232700	1234155	230.302
chr1	1234156	1235654	198.658
chr1	1235655	1237266	189.006
chr1	1237268	1238733	209.882
chr1	1238734	1240280	172.143
chr1	1240282	1241735	213.504
chr1	1241736	1243305	176.932
chr1	1243306	1244779	205.933
chr1	1244784	1246300	193.466
chr1	1246301	1247828	182.234
chr1	1247829	1249355	178.583
chr1	1249359	1250945	158.145
chr1	1250950	1252462	205.335
chr1	1252463	1254004	189.469
chr1	1254005	1255615	169.01
chr1	1255616	1257175	182.971
chr1	1257176	1258696	191.729
chr1	1258698	1260171	212.705
chr1	1260174	1261710	181.346
chr1	1261711	1263256	185.621
chr1	1263258	1264838	161.082
chr1	1264839	1266459	149.888
chr1	1266460	1268085	156.5
chr1	1268086	1269586	174.48
chr1	1269589	1271176	164.999
chr1	1271177	1272642	216.106
chr1	1272647	1274186	198.721
chr1	1274187	1275656	183.076
chr1	1275657	1277214	179.398
chr1	1277215	1278787	190.834
chr1	1278788	1280233	272.903
chr1	1280234	1281640	297.673
chr1	1281641	1283158	187.987
chr1	1283159	1284743	166.976
chr1	1284745	1286259	176.924
chr1	1286261	1287814	178.871
chr1	1287815	1289515	160.96
chr1	1289516	1291106	165.681
chr1	1291108	1292550	202.847
chr1	1292551	1294116	178.857
chr1	1294119	1295717	163.65
chr1	1295718	1297243	197.29
chr1	1297244	1298780	180.081
chr1	1298781	1300317	199.418
chr1	1300318	1301849	182.092
chr1	1301850	1303358	186.949
chr1	1303360	1304966	166.57
chr1	1304967	1306483	186.584
chr1	1306484	1308075	166.157
chr1	1308076	1309587	190.633
chr1	1309588	1311079	193.72
chr1	1311083	1312593	177.422
chr1	1312594	1314129	168.468
chr1	1314130	1315694	175.676
chr1	1315697	1317247	163.992
chr1	1317249	1318842	167.891
chr1	1318843	1320428	178.403
chr1	1320429	1321952	196.091
chr1	1321954	1323565	174.865
chr1	1323567	1325074	174.759
chr1	1325076	1326646	178.324
chr1	1326647	1328229	156.265
chr1	1328232	1329742	191.99
chr1	1329746	1331298	199.424
chr1	1331299	1332885	184.732
chr1	1332887	1334412	201.589
chr1	1334416	1335929	190.565
chr1	1335930	1337460	194.692
chr1	1337461	1338955	189.84
chr1	1338956	1340548	173.641
chr1	1340549	1342122	198.469
chr1	1342124	1343688	185.501
chr1	1343692	1345173	202.26
chr1	1345175	1346715	170.02
chr1	1346716	1348244	185.268
chr1	1348246	1349763	177.519
chr1	1349764	1351330	169.548
chr1	1351333	1352873	181.609
chr1	1352874	1354398	182.446
chr1	1354399	1355897	182.214
chr1	1355898	1357471	180.623
chr1	1357472	1358958	206.413
chr1	1358959	1360545	174.464
chr1	1360546	1362120	193.084
chr1	1362121	1363652	179.568
chr1	1363653	1365178	194.694
chr1	1365179	1366602	205.027
chr1	1366603	1368210	159.684
chr1	1368211	1369675	209.267
chr1	1369676	1371203	173.744
chr1	1371205	1372734	176.423
chr1	1372735	1374284	168.957
chr1	1374286	1375988	139.825
chr1	1375989	1377521	189.206
chr1	1377522	1378985	202.632
chr1	1378986	1380544	184.841
chr1	1380545	1382131	186.979
chr1	1382133	1383596	207.442
chr1	1383597	1385104	203.578
chr1	1385105	1386589	205.364
chr1	1386590	1388063	202.686
chr1	1388065	1389561	192.825
chr1	1389562	1391132	190.345
chr1	1391133	1392736	188.972
chr1	1392737	1394234	202.484
chr1	1394236	1395813	180.407
chr1	1395815	1397077	344.002
chr1	1397080	1398650	180.107
chr1	1398651	1400258	183.658
chr1	1400259	1401765	181.688
chr1	1401766	1403265	200.186
chr1	1403269	1404738	196.376
chr1	1404741	1406225	188.732
chr1	1406226	1407675	226.62
chr1	1407676	1409195	206.317
chr1	1409197	1410709	187.304
chr1	1410710	1412253	183.996
chr1	1412254	1413653	296.67
chr1	1413654	1415083	274.749
chr1	1415084	1416584	211.96
chr1	1416585	1418057	200.967
chr1	1418058	1419499	206.985
chr1	1419500	1421061	193.134
chr1	1421062	1422560	197.952
chr1	1422561	1424074	208.767
chr1	1424075	1425635	185.92
chr1	1425636	1427091	196.138
chr1	1427092	1428532	214.347
chr1	1428533	1429940	210.279
chr1	1429941	1431417	204.733
chr1	1431418	1432918	200.703
chr1	1432920	1434438	189.829
chr1	1434439	1435997	182.705
chr1	1435999	1437475	188.24
chr1	1437476	1438957	204.581
chr1	1438959	1440492	190.724
chr1	1440493	1442036	185.28
chr1	1442038	1443582	181.471
chr1	1443583	1445130	195.226
chr1	1445132	1446533	218.265
chr1	1446535	1448124	183.484
chr1	1448125	1449633	184.035
chr1	1449634	1451244	152.079
chr1	1451245	1452669	238.044
chr1	1452672	1454016	270.897
chr1	1454017	1455608	187.428
chr1	1455609	1457252	157.905
chr1	1457253	1458836	177.247
chr1	1458837	1460304	208.386
chr1	1460305	1461838	212.034
chr1	1461839	1463295	208.346
chr1	1463296	1464803	197.366
chr1	1464804	1466295	217.097
chr1	1466296	1467857	187.458
chr1	1467860	1469409	177.126
chr1	1469410	1471167	135.477
chr1	1471168	1472724	179.552
chr1	1472726	1474248	219.134
chr1	1474249	1475711	222.964
chr1	1475712	1477168	204.437
chr1	1477169	1478706	202.933
chr1	1478710	1480223	193.782
chr1	1480224	1481693	186.663
chr1	1481695	1483322	177.197
chr1	1483323	1484796	193.587
chr1	1484797	1486293	194.672
chr1	1486294	1487720	185.728
chr1	1487723	1489221	187.749
chr1	1489228	1490775	197.73
chr1	1490780	1492367	185.126
chr1	1492368	1493809	213.648
chr1	1493810	1495332	176.066
chr1	1495335	1496852	176.33
chr1	1496855	1498407	197.319
chr1	1498409	1499955	175.276
chr1	1499957	1501507	180.079
chr1	1501508	1503009	177.793
chr1	1503010	1504615	178.711
chr1	1504618	1506202	179.92
chr1	1506204	1507783	165.096
chr1	1507784	1509382	177.73
chr1	1509383	1510810	222.143
chr1	1510813	1512415	182.278
chr1	1512416	1513910	193.456
chr1	1513914	1515428	176.829
chr1	1515429	1517001	171.484
chr1	1517002	1518517	175.0
chr1	1518518	1520031	204.514
chr1	1520032	1521499	212.385
chr1	1521500	1523013	196.787
chr1	1523014	1524513	192.49
chr1	1524515	1525946	195.397
chr1	1525947	1527406	204.589
chr1	1527408	1528897	197.707
chr1	1528898	1530437	190.197
chr1	1530438	1531970	186.319
chr1	1531973	1533477	187.021
chr1	1533478	1535022	173.369
chr1	1535023	1536536	196.31
chr1	1536538	1538099	185.016
chr1	1538100	1539607	197.734
chr1	1539608	1541113	205.797
chr1	1541114	1542606	196.586
chr1	1542607	1544133	190.764
chr1	1544134	1545684	172.448
chr1	1545685	1547166	197.287
chr1	1547167	1548684	194.934
chr1	1548685	1550269	155.412
chr1	1550271	1551819	169.951
chr1	1551820	1553268	192.259
chr1	1553271	1554817	177.977
chr1	1554819	1556328	177.788
chr1	1556330	1557649	320.597
chr1	1557650	1559237	164.602
chr1	1559238	1560767	181.17
chr1	1560770	1562361	179.864
chr1	1562362	1563931	174.662
chr1	1563932	1565512	168.234
chr1	1565513	1567059	164.839
chr1	1567064	1568678	171.189
chr1	1568679	1570232	182.004
chr1	1570233	1571832	173.795
chr1	1571833	1573380	174.061
chr1	1573381	1574897	190.576
chr1	1574898	1576425	184.777
chr1	1576428	1577887	195.62
chr1	1577888	1579352	194.524
chr1	1579354	1580843	198.566
chr1	1580845	1582411	191.401
chr1	1582412	1584023	173.253
chr1	1584024	1585524	192.692
chr1	1585525	1587005	197.607
chr1	1587007	1588493	191.647
chr1	1588494	1589922	202.823
chr1	1589923	1591349	202.213
chr1	1591350	1592917	192.726
chr1	1592918	1594424	198.329
chr1	1594425	1595846	201.869
chr1	1595847	1597319	191.605
chr1	1597320	1598782	211.098
chr1	1598783	1600345	194.391
chr1	1600350	1601778	230.774
chr1	1601780	1603217	195.363
chr1	1603218	1604770	180.281
chr1	1604771	1606257	192.208
chr1	1606260	1607756	193.715
chr1	1607758	1609195	242.509
chr1	1609196	1610683	215.825
chr1	1610684	1612197	216.179
chr1	1612199	1613666	203.61
chr1	1613670	1615118	202.788
chr1	1615121	1616556	231.931
chr1	1616557	1617975	223.923
chr1	1617976	1619505	193.983
chr1	1619506	1621020	196.301
chr1	1621021	1622464	210.724
chr1	1622466	1623954	212.586
chr1	1623955	1625481	190.386
chr1	1625483	1626994	186.406
chr1	1626995	1628497	179.259
chr1	1628498	1630025	191.159
chr1	1630026	1631480	205.738
chr1	1631481	1632961	205.007
chr1	1632962	1634444	184.066
chr1	1634449	1635936	195.511
chr1	1635937	1637402	199.527
chr1	1637403	1638978	194.864
chr1	1638980	1640502	192.627
chr1	1640506	1642041	189.351
chr1	1642044	1643595	196.973
chr1	1643597	1645079	207.859
chr1	1645082	1646520	206.028
chr1	1646522	1648003	209.203
chr1	1648005	1649560	174.432
chr1	1649561	1651013	222.102
chr1	1651014	1652535	182.308
chr1	1652537	1653985	200.255
chr1	1653986	1655524	184.597
chr1	1655525	1657033	192.427
chr1	1657036	1658567	196.17
chr1	1658568	1660066	190.216
chr1	1660067	1661607	184.347
chr1	1661609	1663180	182.805
chr1	1663181	1664616	196.263
chr1	1664617	1666059	201.222
chr1	1666060	1667531	211.228
chr1	1667532	1669084	176.535
chr1	1669086	1670623	176.923
chr1	1670624	1672125	197.36
chr1	1672126	1673700	188.032
chr1	1673701	1675198	190.889
chr1	1675200	1676730	178.321
chr1	1676732	1678330	170.438
chr1	1678331	1679847	170.29
chr1	1679848	1681376	199.616
chr1	1681377	1682908	197.499
chr1	1682909	1684467	170.167
chr1	1684468	1686104	168.248
chr1	1686105	1687680	166.824
chr1	1687681	1689278	175.677
chr1	1689280	1690808	180.699
chr1	1690809	1692366	163.236
chr1	1692369	1693881	182.009
chr1	1693883	1695412	204.882
chr1	1695413	1696961	181.324
chr1	1696962	1698510	176.571
chr1	1698512	1700014	196.844
chr1	1700015	1701625	179.961
chr1	1701626	1703195	173.158
chr1	1703197	1704710	191.279
chr1	1704711	1706247	182.133
chr1	1706249	1707754	192.622
chr1	1707755	1709271	186.792
chr1	1709272	1710751	187.168
chr1	1710753	1712283	182.133
chr1	1712284	1713804	172.689
chr1	1713805	1715367	188.817
chr1	1715368	1716903	183.926
chr1	1716904	1718484	165.134
chr1	1718486	1720084	158.166
chr1	1720085	1721597	191.088
chr1	1721598	1723117	175.567
chr1	1723118	1724688	177.748
chr1	1724689	1726195	209.889
chr1	1726199	1727869	144.288
chr1	1727870	1729429	193.442
chr1	1729430	1730942	198.913
chr1	1730943	1732573	155.094
chr1	1732574	1734189	159.557
chr1	1734190	1735868	149.119
chr1	1735869	1737534	168.23
chr1	1737536	1739103	163.458
chr1	1739106	1740671	162.596
chr1	1740673	1742151	190.463
chr1	1742152	1743611	200.212
chr1	1743612	1745108	186.709
chr1	1745109	1746676	164.647
chr1	1746677	1748257	169.656
chr1	1748260	1749765	177.908
chr1	1749766	1751259	192.649
chr1	1751260	1752757	202.355
chr1	1752760	1754228	217.96
chr1	1754229	1755681	206.385
chr1	1755682	1757225	200.087
chr1	1757226	1758728	172.242
chr1	1758730	1760258	188.499
chr1	1760259	1761658	222.203
chr1	1761659	1763180	200.112
chr1	1763181	1764682	198.77
chr1	1764684	1766224	205.083
chr1	1766226	1767822	156.907
chr1	1767823	1769353	176.564
chr1	1769354	1770850	189.528
chr1	1770851	1772420	151.869
chr1	1772422	1773970	181.331
chr1	1773971	1775492	175.501
chr1	1775494	1777022	172.443
chr1	1777023	1778517	191.631
chr1	1778518	1780092	176.339
chr1	1780093	1781629	182.102
chr1	1781630	1783155	196.808
chr1	1783156	1784766	157.157
chr1	1784767	1786355	176.896
chr1	1786356	1787859	180.463
chr1	1787862	1789346	192.17
chr1	1789347	1790819	195.686
chr1	1790820	1792376	167.393
chr1	1792377	1793797	217.313
chr1	1793798	1795109	321.177
chr1	1795110	1796674	187.448
chr1	1796675	1798170	196.999
chr1	1798171	1799649	201.826
chr1	1799650	1801090	208.662
chr1	1801094	1802608	178.044
chr1	1802609	1804113	187.596
chr1	1804114	1805637	193.012
chr1	1805638	1807102	222.623
chr1	1807103	1808591	211.508
chr1	1808592	1810094	190.685
chr1	1810095	1811514	210.5
chr1	1811518	1813051	193.6
chr1	1813054	1814527	191.518
chr1	1814528	1816019	200.589
chr1	1816020	1817523	189.834
chr1	1817524	1819052	195.385
chr1	1819053	1820630	182.313
chr1	1820633	1822177	192.533
chr1	1822180	1823809	181.444
chr1	1823811	1825332	186.282
chr1	1825333	1826856	177.684
chr1	1826857	1828373	192.453
chr1	1828374	1829893	194.346
chr1	1829895	1831428	194.053
chr1	1831429	1832959	183.524
chr1	1832960	1834480	200.851
chr1	1834481	1835923	207.443
chr1	1835925	1837431	190.54
chr1	1837432	1838935	181.157
chr1	1838936	1840466	179.56
chr1	1840468	1841929	202.418
chr1	1841930	1843411	184.509
chr1	1843412	1844876	217.165
chr1	1844877	1846467	177.885
chr1	1846468	1847984	202.763
chr1	1847985	1849453	212.048
chr1	1849454	1850921	195.934
chr1	1850922	1852468	181.976
chr1	1852470	1853984	200.528
chr1	1853985	1855413	207.292
chr1	1855415	1856939	197.247
chr1	1856940	1858415	203.447
chr1	1858417	1859850	214.056
chr1	1859851	1861315	183.939
chr1	1861317	1862773	210.934
chr1	1862774	1864287	182.179
chr1	1864288	1865810	200.265
chr1	1865811	1867406	196.367
chr1	1867408	1868841	189.17
chr1	1868842	1870323	189.312
chr1	1870325	1871822	185.293
chr1	1871823	1873257	187.034
chr1	1873258	1874752	186.54
chr1	1874754	1876232	214.563
chr1	1876233	1877719	184.353
chr1	1877722	1879192	198.505
chr1	1879193	1880644	190.968
chr1	1880645	1882140	181.578
chr1	1882141	1883704	187.853
chr1	1883708	1885207	200.552
chr1	1885208	1886660	217.986
chr1	1886662	1888177	202.893
chr1	1888178	1889719	181.379
chr1	1889720	1891248	201.786
chr1	1891249	1892738	204.379
chr1	1892739	1894259	179.289
chr1	1894261	1895778	190.19
chr1	1895779	1897273	192.981
chr1	1897275	1898703	200.174
chr1	1898704	1900229	199.236
chr1	1900230	1901750	193.039
chr1	1901751	1903285	193.296
chr1	1903286	1904840	197.276
chr1	1904841	1906299	208.415
chr1	1906300	1907773	219.244
chr1	1907776	1909198	227.209
chr1	1909199	1910465	398.873
chr1	1910468	1911968	201.454
chr1	1911969	1913478	183.455
chr1	1913484	1914972	192.381
chr1	1914973	1916454	200.329
chr1	1916455	1918028	188.091
chr1	1918029	1919483	211.786
chr1	1919485	1920959	217.821
chr1	1920960	1922408	210.074
chr1	1922409	1923858	211.055
chr1	1923860	1925294	231.129
chr1	1925295	1926882	198.572
chr1	1926883	1928382	202.944
chr1	1928384	1929864	203.883
chr1	1929865	1931369	203.019
chr1	1931373	1932889	177.176
chr1	1932890	1934378	191.519
chr1	1934379	1935947	181.716
chr1	1935948	1937394	214.144
chr1	1937396	1938802	209.679
chr1	1938803	1940222	221.765
chr1	1940224	1941731	166.693
chr1	1941733	1943175	209.241
chr1	1943177	1944657	209.47
chr1	1944658	1946139	195.723
chr1	1946141	1947703	174.521
chr1	1947705	1949255	173.354
chr1	1949256	1950753	185.126
chr1	1950757	1952214	189.66
chr1	1952215	1953711	202.049
chr1	1953715	1955231	194.607
chr1	1955235	1956871	181.976
chr1	1956872	1958535	167.975
chr1	1958538	1960170	170.89
chr1	1960172	1961655	203.845
chr1	1961656	1963205	169.747
chr1	1963206	1964839	175.835
chr1	1964840	1966350	195.542
chr1	1966351	1967824	205.257
chr1	1967826	1969388	168.453
chr1	1969389	1970812	308.336
chr1	1970814	1972509	138.103
chr1	1972511	1974358	123.611
chr1	1974360	1976058	129.856
chr1	1976059	1977876	120.621
chr1	1977881	1979422	181.337
chr1	1979423	1980996	185.675
chr1	1980997	1982448	207.177
chr1	1982449	1983943	203.347
chr1	1983944	1985430	188.136
chr1	1985432	1986869	209.885
chr1	1986873	1988399	191.832
chr1	1988400	1989867	200.139
chr1	1989868	1991429	196.971
chr1	1991431	1992926	196.373
chr1	1992927	1994490	187.637
chr1	1994492	1996067	174.717
chr1	1996069	1997652	187.624
chr1	1997653	1999181	184.729
chr1	1999182	2000697	187.552
chr1	2000698	2002197	190.37
chr1	2002200	2003762	186.652
chr1	2003763	2005272	177.258
chr1	2005275	2006841	160.625
chr1	2006842	2008398	187.604
chr1	2008399	2009976	160.759
chr1	2009977	2011510	187.236
chr1	2011512	2013040	188.994
chr1	2013043	2014514	198.333
chr1	2014515	2015974	206.277
chr1	2015975	2017409	205.989
chr1	2017410	2018903	198.708
chr1	2018904	2020426	197.166
chr1	2020427	2021924	186.792
chr1	2021927	2023460	184.684
chr1	2023463	2024943	188.113
chr1	2024945	2026484	195.121
chr1	2026486	2027999	176.815
chr1	2028000	2029479	189.019
chr1	2029480	2030941	193.014
chr1	2030942	2032484	201.205
chr1	2032485	2033976	194.872
chr1	2033977	2035557	201.405
chr1	2035559	2037245	143.752
chr1	2037246	2038540	380.947
chr1	2038544	2040044	190.591
chr1	2040045	2041567	175.23
chr1	2041568	2043058	194.096
chr1	2043059	2044523	226.502
chr1	2044524	2046014	208.879
chr1	2046015	2047448	210.074
chr1	2047449	2048952	220.475
chr1	2048953	2050424	189.38
chr1	2050425	2051838	217.309
chr1	2051839	2053351	196.728
chr1	2053355	2054856	198.855
chr1	2054857	2056258	280.653
chr1	2056259	2057633	280.427
chr1	2057634	2059099	215.689
chr1	2059100	2060583	216.161
chr1	2060584	2062065	209.109
chr1	2062066	2063548	188.051
chr1	2063549	2065017	195.897
chr1	2065019	2066496	203.472
chr1	2066498	2067970	205.71
chr1	2067971	2069564	170.549
chr1	2069565	2071087	196.421
chr1	2071088	2072569	214.13
chr1	2072570	2073978	233.111
chr1	2073979	2075481	190.319
chr1	2075482	2076944	218.761
chr1	2076945	2078468	197.464
chr1	2078470	2079996	199.188
chr1	2079997	2081475	184.767
chr1	2081477	2082983	197.82
chr1	2082985	2084427	209.669
chr1	2084428	2085916	193.217
chr1	2085918	2087451	182.007
chr1	2087452	2088904	208.823
chr1	2088905	2090501	189.978
chr1	2090502	2091942	208.004
chr1	2091944	2093606	162.667
chr1	2093609	2095077	207.646
chr1	2095079	2096571	183.374
chr1	2096574	2098129	169.548
chr1	2098130	2099635	197.867
chr1	2099637	2101152	210.385
chr1	2101153	2102620	181.019
chr1	2102622	2104104	197.43
chr1	2104105	2105626	192.339
chr1	2105627	2107062	209.463
chr1	2107065	2108591	193.887
chr1	2108592	2110068	214.944
chr1	2110069	2111539	189.835
chr1	2111541	2113020	207.451
chr1	2113023	2114573	175.465
chr1	2114574	2116060	190.025
chr1	2116061	2117562	183.978
chr1	2117564	2119029	204.904
chr1	2119030	2120609	178.502
chr1	2120610	2122119	205.457
chr1	2122120	2123717	168.314
chr1	2123720	2125299	179.526
chr1	2125301	2126804	181.137
chr1	2126806	2128371	178.418
chr1	2128376	2129980	177.365
chr1	2129983	2131505	186.976
chr1	2131507	2133210	150.473
chr1	2133212	2134790	171.274
chr1	2134794	2136282	196.633
chr1	2136283	2137816	182.458
chr1	2137817	2139282	192.076
chr1	2139283	2140794	184.718
chr1	2140797	2142304	199.306
chr1	2142305	2143850	182.502
chr1	2143851	2145384	192.984
chr1	2145385	2146978	172.843
chr1	2146979	2148527	177.096
chr1	2148529	2149996	195.135
chr1	2149998	2151518	180.948
chr1	2151519	2153051	170.784
chr1	2153052	2154555	189.932
chr1	2154556	2156071	178.388
chr1	2156074	2157567	206.903
chr1	2157568	2159095	199.133
chr1	2159096	2160643	199.966
chr1	2160646	2162180	180.455
chr1	2162181	2163727	179.825
chr1	2163728	2165333	181.747
chr1	2165334	2166948	160.301
chr1	2166950	2168403	252.629
chr1	2168404	2169908	203.253
chr1	2169909	2171487	175.555
chr1	2171488	2173064	167.569
chr1	2173065	2174623	179.135
chr1	2174624	2175965	323.869
chr1	2175966	2177364	259.029
chr1	2177368	2178824	193.501
chr1	2178825	2180338	181.555
chr1	2180339	2181839	202.396
chr1	2181840	2183392	183.026
chr1	2183393	2184925	197.427
chr1	2184927	2186409	203.134
chr1	2186411	2187986	175.516
chr1	2187988	2189516	183.519
chr1	2189518	2190975	195.653
chr1	2190976	2192484	192.523
chr1	2192486	2193932	196.098
chr1	2193933	2195425	199.459
chr1	2195426	2196914	209.435
chr1	2196915	2198362	205.046
chr1	2198363	2199872	218.902
chr1	2199873	2201357	182.216
chr1	2201358	2202841	194.659
chr1	2202842	2204407	162.645
chr1	2204408	2205999	185.001
chr1	2206001	2207519	203.826
chr1	2207520	2208972	185.589
chr1	2208974	2210547	186.104
chr1	2210548	2212041	195.536
chr1	2212042	2213609	187.547
chr1	2213613	2215119	188.452
chr1	2215120	2216650	193.245
chr1	2216652	2218125	214.537
chr1	2218127	2219645	180.54
chr1	2219647	2221128	199.792
chr1	2221129	2222580	202.709
chr1	2222581	2224158	176.274
chr1	2224159	2225741	179.433
chr1	2225744	2227273	179.306
chr1	2227274	2228719	193.059
chr1	2228720	2230249	176.016
chr1	2230252	2231718	188.413
chr1	2231720	2233252	187.776
chr1	2233254	2234761	194.945
chr1	2234762	2236239	187.97
chr1	2236240	2237751	176.338
chr1	2237752	2239287	181.725
chr1	2239288	2240737	189.847
chr1	2240738	2242321	175.412
chr1	2242322	2244009	146.457
chr1	2244010	2245460	213.34
chr1	2245461	2246874	214.809
chr1	2246876	2248398	195.013
chr1	2248400	2249860	195.232
chr1	2249861	2251350	187.837
chr1	2251352	2252770	209.95
chr1	2252772	2254198	205.1
chr1	2254199	2255742	201.518
chr1	2255743	2257155	220.54
chr1	2257156	2258584	215.878
chr1	2258585	2260129	180.548
chr1	2260130	2261563	224.617
chr1	2261564	2263059	191.517
chr1	2263061	2264626	166.182
chr1	2264627	2266088	214.006
chr1	2266095	2267648	197.48
chr1	2267649	2269131	216.587
chr1	2269132	2270624	211.373
chr1	2270625	2272087	214.113
chr1	2272088	2273634	199.038
chr1	2273637	2275112	207.094
chr1	2275116	2276690	185.688
chr1	2276691	2278274	170.707
chr1	2278275	2279878	161.018
chr1	2279881	2281481	166.406
chr1	2281482	2283052	173.96
chr1	2283054	2284648	169.487
chr1	2284649	2286154	199.666
chr1	2286155	2287707	208.859
chr1	2287710	2289221	209.043
chr1	2289222	2290650	224.409
chr1	2290651	2292201	208.984
chr1	2292202	2293631	219.498
chr1	2293632	2295107	213.615
chr1	2295108	2296584	215.047
chr1	2296587	2298014	210.926
chr1	2298016	2299490	200.115
chr1	2299492	2300933	222.521
chr1	2300934	2302336	209.003
chr1	2302337	2303774	207.237
chr1	2303776	2305215	221.343
chr1	2305217	2306689	209.137
chr1	2306690	2308132	211.696
chr1	2308133	2309581	219.417
chr1	2309582	2311030	187.93
chr1	2311031	2312559	167.17
chr1	2312560	2314019	205.196
chr1	2314020	2315576	186.442
chr1	2315577	2317028	200.611
chr1	2317030	2318556	188.219
chr1	2318557	2320070	171.821
chr1	2320074	2321415	339.142
chr1	2321416	2322884	199.456
chr1	2322885	2324400	189.365
chr1	2324401	2325879	191.296
chr1	2325881	2327351	211.444
chr1	2327353	2328842	188.658
chr1	2328843	2330392	180.676
chr1	2330393	2332013	152.607
chr1	2332014	2333585	157.186
chr1	2333586	2335158	167.226
chr1	2335161	2336700	180.916
chr1	2336701	2338234	191.673
chr1	2338236	2339755	184.981
chr1	2339758	2341381	159.331
chr1	2341382	2343032	168.273
chr1	2343035	2344658	173.323
chr1	2344661	2346192	183.722
chr1	2346193	2347687	185.75
chr1	2347688	2349227	186.674
chr1	2349229	2350764	199.341
chr1	2350765	2352298	208.543
chr1	2352299	2353827	210.4
chr1	2353828	2355398	182.489
chr1	2355399	2356962	179.427
chr1	2356963	2358481	195.953
chr1	2358484	2360029	185.02
chr1	2360030	2361586	207.789
chr1	2361587	2363133	186.118
chr1	2363136	2364661	178.328
chr1	2364662	2366208	193.848
chr1	2366211	2367729	186.06
chr1	2367730	2369304	176.678
chr1	2369305	2370764	202.682
chr1	2370766	2372276	190.791
chr1	2372277	2373842	170.182
chr1	2373844	2375451	180.253
chr1	2375453	2376976	192.901
chr1	2376979	2378489	189.126
chr1	2378491	2380093	162.522
chr1	2380095	2381521	231.103
chr1	2381522	2382980	212.28
chr1	2382981	2384590	183.888
chr1	2384592	2386095	210.989
chr1	2386096	2387655	204.511
chr1	2387658	2389194	190.718
chr1	2389195	2390732	176.527
chr1	2390733	2392271	193.817
chr1	2392272	2393832	185.027
chr1	2393833	2395370	208.196
chr1	2395371	2396909	188.259
chr1	2396911	2398363	219.682
chr1	2398364	2399871	197.568
chr1	2399872	2401366	194.171
chr1	2401367	2402918	183.292
chr1	2402919	2404391	192.923
chr1	2404392	2405932	182.062
chr1	2405935	2407516	182.162
chr1	2407519	2409071	180.584
chr1	2409072	2410603	186.392
chr1	2410604	2412055	202.457
chr1	2412056	2413589	180.038
chr1	2413591	2415069	203.947
chr1	2415070	2416599	175.193
chr1	2416600	2418192	182.731
chr1	2418193	2419798	181.729
chr1	2419803	2421301	179.287
chr1	2421302	2422831	189.81
chr1	2422832	2424272	200.381
chr1	2424274	2425799	192.458
chr1	2425801	2427352	166.285
chr1	2427353	2428865	202.554
chr1	2428866	2430456	176.36
chr1	2430457	2431979	183.321
chr1	2431980	2433439	206.846
chr1	2433440	2435032	173.404
chr1	2435035	2436569	181.787
chr1	2436570	2438115	177.965
chr1	2438119	2439616	171.635
chr1	2439618	2441170	170.184
chr1	2441172	2442671	202.66
chr1	2442674	2444320	166.893
chr1	2444321	2445964	157.206
chr1	2445965	2447450	194.453
chr1	2447451	2448982	183.01
chr1	2448983	2450520	181.23
chr1	2450523	2452021	193.463
chr1	2452022	2453560	186.461
chr1	2453562	2455085	179.71
chr1	2455086	2456691	177.555
chr1	2456693	2458217	184.908
chr1	2458220	2459812	178.113
chr1	2459813	2461403	162.75
chr1	2461405	2463111	141.562
chr1	2463112	2464875	130.017
chr1	2464876	2466384	177.705
chr1	2466385	2467946	184.417
chr1	2467947	2469525	165.528
chr1	2469531	2471060	190.56
chr1	2471064	2472613	189.734
chr1	2472618	2474228	168.116
chr1	2474229	2475784	189.557
chr1	2475785	2477357	184.865
chr1	2477362	2478989	185.192
chr1	2478990	2480537	157.642
chr1	2480538	2482022	195.818
chr1	2482024	2483568	185.976
chr1	2483569	2485181	153.725
chr1	2485184	2486701	177.673
chr1	2486705	2488109	225.144
chr1	2488110	2489602	182.671
chr1	2489603	2491152	167.383
chr1	2491153	2492681	182.886
chr1	2492682	2494212	178.766
chr1	2494213	2495773	168.103
chr1	2495774	2497282	181.42
chr1	2497283	2498852	176.976
chr1	2498853	2500419	170.726
chr1	2500421	2502101	150.925
chr1	2502102	2503668	181.274
chr1	2503669	2505235	167.004
chr1	2505236	2506819	174.626
chr1	2506822	2508421	175.284
chr1	2508422	2509966	184.478
chr1	2509968	2511616	167.667
chr1	2511625	2513098	198.244
chr1	2513099	2514740	151.587
chr1	2514743	2516290	174.265
chr1	2516291	2517797	187.497
chr1	2517801	2519396	177.157
chr1	2519398	2520936	186.401
chr1	2520937	2522496	182.599
chr1	2522499	2524030	196.253
chr1	2524034	2525622	183.307
chr1	2525623	2527163	211.294
chr1	2527165	2528706	202.221
chr1	2528707	2530262	183.209
chr1	2530263	2531831	191.261
chr1	2531834	2533144	379.499
chr1	2533145	2534669	201.298
chr1	2534670	2536237	181.528
chr1	2536239	2537768	195.475
chr1	2537769	2539366	191.48
chr1	2539370	2540918	185.449
chr1	2540919	2542471	174.8
chr1	2542472	2544041	185.921
chr1	2544043	2545571	178.351
chr1	2545572	2547196	165.536
chr1	2547199	2548804	172.247
chr1	2548805	2550350	189.052
chr1	2550351	2551916	175.493
chr1	2551918	2553488	176.283
chr1	2553489	2554955	187.516
chr1	2554958	2556485	197.306
chr1	2556486	2557975	184.083
chr1	2557976	2559555	166.619
chr1	2559556	2561042	184.956
chr1	2561043	2562409	296.917
chr1	2562410	2563604	450.347
chr1	2563605	2564826	351.645
chr1	2564828	2566041	404.988
chr1	2566042	2567353	338.421
chr1	2567354	2568837	184.911
chr1	2568838	2570469	161.982
chr1	2570470	2572024	183.071
chr1	2572030	2573617	182.551
chr1	2573618	2575201	170.295
chr1	2575203	2576758	183.728
chr1	2576759	2578369	174.596
chr1	2578371	2579911	189.014
chr1	2579912	2581434	194.272
chr1	2581435	2582923	187.215
chr1	2582927	2584405	192.566
chr1	2584406	2585900	185.281
chr1	2585901	2587476	176.17
chr1	2587480	2589041	168.423
chr1	2589042	2590576	174.459
chr1	2590578	2592144	157.902
chr1	2592145	2593798	151.012
chr1	2593799	2595600	121.55
chr1	2595601	2597228	186.185
chr1	2597230	2598607	301.422
chr1	2598608	2600131	190.571
chr1	2600132	2601781	165.27
chr1	2601782	2603351	180.137
chr1	2603352	2604934	165.301
chr1	2604935	2606530	184.299
chr1	2606533	2608235	144.07
chr1	2608236	2609823	183.625
chr1	2609825	2611362	193.765
chr1	2611363	2612894	184.323
chr1	2612895	2614524	156.691
chr1	2614526	2616130	160.999
chr1	2616131	2617674	169.389
chr1	2617675	2619254	165.214
chr1	2619257	2620901	150.768
chr1	2620902	2622417	182.494
chr1	2622418	2623952	169.084
chr1	2623953	2625560	162.813
chr1	2625561	2627156	173.435
chr1	2627157	2628743	160.829
chr1	2628744	2630354	171.371
chr1	2630356	2631960	174.135
chr1	2631961	2633493	185.644
chr1	2633495	2635023	188.252
chr1	2635024	2636530	189.566
chr1	2636532	2638033	179.6
chr1	2638034	2639554	188.744
chr1	2639555	2641085	165.586
chr1	2641087	2642716	157.817
chr1	2642721	2644276	167.465
chr1	2644278	2645808	170.055
chr1	2645810	2647348	188.097
chr1	2647351	2648878	184.143
chr1	2648879	2650418	175.972
chr1	2650420	2651992	168.4
chr1	2651993	2653593	173.671
chr1	2653594	2655213	169.003
chr1	2655214	2656798	171.136
chr1	2656799	2658339	198.913
chr1	2658341	2659920	175.519
chr1	2659925	2661545	171.209
chr1	2661546	2663115	176.09
chr1	2663116	2664668	165.215
chr1	2664669	2666207	187.498
chr1	2666209	2667810	181.173
chr1	2667811	2669387	153.307
chr1	2669391	2670929	156.172
chr1	2670931	2672435	182.62
chr1	2672436	2674039	158.275
chr1	2674043	2675524	174.16
chr1	2675525	2677016	199.93
chr1	2677017	2678589	181.64
chr1	2678591	2680083	189.013
chr1	2680085	2681560	201.133
chr1	2681561	2683126	174.579
chr1	2683127	2684604	184.467
chr1	2684605	2686220	160.68
chr1	2686224	2687647	234.001
chr1	2687649	2689019	303.915
chr1	2689020	2690529	201.208
chr1	2690532	2692052	179.166
chr1	2692054	2693563	186.295
chr1	2693565	2695118	175.068
chr1	2695119	2696693	181.524
chr1	2696694	2698198	193.154
chr1	2698201	2699731	184.598
chr1	2699733	2701304	163.533
chr1	2701306	2702885	178.76
chr1	2702886	2704379	197.66
chr1	2704380	2705990	167.579
chr1	2705991	2707583	158.239
chr1	2707585	2709137	170.513
chr1	2709138	2710644	210.075
chr1	2710647	2712208	195.579
chr1	2712210	2713694	185.979
chr1	2713695	2715147	198.849
chr1	2715148	2716658	191.97
chr1	2716659	2718238	183.267
chr1	2718241	2719724	194.425
chr1	2719725	2721245	183.161
chr1	2721251	2722750	210.279
chr1	2722752	2724342	195.558
chr1	2724343	2725813	192.504
chr1	2725814	2727317	193.353
chr1	2727318	2728854	192.057
chr1	2728856	2730415	168.423
chr1	2730416	2731860	211.505
chr1	2731861	2733387	189.778
chr1	2733388	2734811	208.595
chr1	2734812	2736102	377.075
chr1	2736104	2737683	172.99
chr1	2737684	2739213	190.77
chr1	2739215	2740771	190.258
chr1	2740774	2742270	182.873
chr1	2742271	2743812	166.582
chr1	2743813	2745255	212.374
chr1	2745257	2746769	182.575
chr1	2746772	2748271	196.289
chr1	2748272	2749716	212.182
chr1	2749717	2751215	188.563
chr1	2751216	2752767	191.191
chr1	2752770	2754188	217.564
chr1	2754189	2755688	185.569
chr1	2755689	2757182	209.883
chr1	2757184	2758705	218.879
chr1	2758706	2760183	207.801
chr1	2760184	2761605	223.862
chr1	2761606	2763069	210.034
chr1	2763070	2764585	203.731
chr1	2764586	2766150	187.284
chr1	2766151	2767608	212.404
chr1	2767609	2769144	195.994
chr1	2769145	2770673	193.22
chr1	2770675	2772171	198.266
chr1	2772172	2773691	191.531
chr1	2773695	2775122	213.375
chr1	2775123	2776559	223.008
chr1	2776561	2778199	158.865
chr1	2778200	2779728	191.751
chr1	2779729	2781206	221.604
chr1	2781207	2782723	190.887
chr1	2782725	2784186	227.564
chr1	2784187	2785640	201.796
chr1	2785641	2787119	195.354
chr1	2787121	2788683	190.101
chr1	2788684	2790127	217.351
chr1	2790128	2791365	364.017
chr1	2791366	2792825	220.644
chr1	2792827	2794334	200.896
chr1	2794335	2795842	190.242
chr1	2795843	2797373	187.374
chr1	2797374	2798685	310.207
chr1	2798686	2800266	175.57
chr1	2800268	2801845	186.498
chr1	2801846	2803361	170.038
chr1	2803367	2804875	197.918
chr1	2804876	2806440	184.685
chr1	2806442	2808008	175.403
chr1	2808010	2809598	175.448
chr1	2809600	2811106	185.537
chr1	2811107	2812694	170.822
chr1	2812695	2814147	188.719
chr1	2814148	2815626	173.315
chr1	2815627	2817256	156.739
chr1	2817258	2818788	178.02
chr1	2818789	2820297	190.538
chr1	2820298	2821878	158.968
chr1	2821881	2823363	196.811
chr1	2823365	2824940	182.499
chr1	2824943	2826524	173.617
chr1	2826525	2828046	180.655
chr1	2828048	2829512	206.43
chr1	2829514	2831015	181.339
chr1	2831018	2832499	201.686
chr1	2832502	2834030	194.714
chr1	2834031	2835489	205.023
chr1	2835490	2836921	206.299
chr1	2836922	2838356	219.062
chr1	2838357	2839893	194.648
chr1	2839896	2841451	197.994
chr1	2841452	2842965	201.329
chr1	2842966	2844511	198.345
chr1	2844515	2845933	215.115
chr1	2845934	2847415	219.117
chr1	2847419	2848930	201.075
chr1	2848934	2850384	243.888
chr1	2850386	2851779	218.955
chr1	2851781	2853141	251.221
chr1	2853142	2854646	218.496
chr1	2854648	2856172	215.06
chr1	2856175	2857603	220.714
chr1	2857604	2859103	206.943
chr1	2859104	2860515	206.03
chr1	2860516	2861928	224.067
chr1	2861929	2863383	251.434
chr1	2863384	2864908	206.74
chr1	2864909	2866355	241.02
chr1	2866357	2867876	194.701
chr1	2867878	2869381	193.935
chr1	2869384	2870775	212.683
chr1	2870778	2872303	195.114
chr1	2872304	2873806	209.319
chr1	2873808	2875315	184.524
chr1	2875316	2876770	210.619
chr1	2876771	2878244	200.364
chr1	2878247	2879726	174.576
chr1	2879727	2881176	213.419
chr1	2881178	2882617	224.219
chr1	2882619	2884076	216.093
chr1	2884077	2885488	227.721
chr1	2885489	2886920	212.849
chr1	2886921	2888432	195.229
chr1	2888433	2889930	204.428
chr1	2889931	2891364	244.636
chr1	2891365	2892841	205.262
chr1	2892842	2894304	213.129
chr1	2894306	2895855	194.213
chr1	2895856	2897336	199.578
chr1	2897337	2898865	194.156
chr1	2898866	2900379	206.072
chr1	2900380	2901913	194.975
chr1	2901914	2903451	190.952
chr1	2903452	2905003	188.295
chr1	2905004	2906523	193.414
chr1	2906526	2907972	217.427
chr1	2907973	2909493	195.311
chr1	2909494	2910951	198.743
chr1	2910953	2912514	172.439
chr1	2912516	2914051	186.741
chr1	2914052	2915645	163.664
chr1	2915646	2917131	186.823
chr1	2917134	2918668	195.527
chr1	2918669	2920138	205.349
chr1	2920139	2921679	205.276
chr1	2921682	2923363	155.531
chr1	2923364	2925081	138.661
chr1	2925083	2926679	200.789
chr1	2926680	2928037	312.399
chr1	2928044	2929743	148.969
chr1	2929744	2931323	185.474
chr1	2931327	2932877	195.049
chr1	2932879	2934415	186.837
chr1	2934417	2935880	211.908
chr1	2935881	2937384	206.018
chr1	2937385	2938864	193.769
chr1	2938865	2940352	193.05
chr1	2940353	2941817	201.665
chr1	2941819	2943297	207.943
chr1	2943298	2944897	182.121
chr1	2944900	2946437	204.506
chr1	2946438	2947927	227.392
chr1	2947928	2949407	195.89
chr1	2949408	2950925	182.669
chr1	2950926	2952385	215.202
chr1	2952386	2953850	212.929
chr1	2953852	2955306	228.663
chr1	2955307	2956810	203.034
chr1	2956812	2958247	235.313
chr1	2958248	2959735	221.074
chr1	2959736	2961260	225.272
chr1	2961261	2962729	226.509
chr1	2962730	2964183	220.379
chr1	2964184	2965594	249.916
chr1	2965596	2967075	215.759
chr1	2967076	2968639	176.587
chr1	2968641	2970062	215.291
chr1	2970063	2971590	195.584
chr1	2971591	2973137	211.1
chr1	2973139	2974666	194.688
chr1	2974667	2976120	218.618
chr1	2976121	2977617	210.217
chr1	2977620	2979067	223.746
chr1	2979070	2980566	219.238
chr1	2980567	2982036	204.187
chr1	2982037	2983578	179.286
chr1	2983579	2985080	206.419
chr1	2985082	2986568	193.252
chr1	2986569	2988021	221.388
chr1	2988022	2989537	213.163
chr1	2989538	2991011	213.933
chr1	2991012	2992512	204.368
chr1	2992513	2993951	214.104
chr1	2993952	2995463	191.227
chr1	2995465	2996983	207.555
chr1	2996985	2998478	206.352
chr1	2998479	2999920	190.19
chr1	2999924	3001460	175.078
chr1	3001462	3003000	213.102
chr1	3003001	3004481	200.773
chr1	3004482	3006020	200.744
chr1	3006022	3007521	202.101
chr1	3007523	3009101	185.421
chr1	3009102	3010634	199.369
chr1	3010635	3012059	200.678
chr1	3012061	3013458	232.727
chr1	3013459	3014955	193.261
chr1	3014956	3016486	201.122
chr1	3016488	3017954	223.873
chr1	3017955	3019392	200.275
chr1	3019393	3020894	198.766
chr1	3020896	3022465	181.122
chr1	3022466	3023960	177.549
chr1	3023962	3025447	183.829
chr1	3025449	3027031	163.417
chr1	3027032	3028521	178.392
chr1	3028524	3029958	223.757
chr1	3029959	3031466	199.433
chr1	3031467	3032961	206.336
chr1	3032964	3034504	188.925
chr1	3034505	3035982	201.041
chr1	3035983	3037478	208.972
chr1	3037479	3038990	204.022
chr1	3038991	3040391	216.882
chr1	3040392	3041854	189.155
chr1	3041856	3043285	200.839
chr1	3043286	3044816	195.2
chr1	3044817	3046291	214.221
chr1	3046292	3047820	196.847
chr1	3047821	3049294	225.423
chr1	3049295	3050731	233.486
chr1	3050732	3052223	184.346
chr1	3052224	3053727	204.874
chr1	3053728	3055217	198.028
chr1	3055218	3056674	206.076
chr1	3056675	3058264	172.706
chr1	3058265	3059725	217.4
chr1	3059726	3061263	198.975
chr1	3061264	3062753	211.03
chr1	3062754	3064300	169.798
chr1	3064305	3065778	215.036
chr1	3065779	3067271	200.854
chr1	3067272	3068778	195.143
chr1	3068780	3070288	177.844
chr1	3070289	3071779	204.549
chr1	3071780	3073262	194.687
chr1	3073263	3074753	189.547
chr1	3074754	3076347	174.024
chr1	3076348	3077805	206.112
chr1	3077806	3079292	226.529
chr1	3079293	3080811	199.923
chr1	3080813	3082269	213.452
chr1	3082271	3083842	184.044
chr1	3083845	3085337	199.653
chr1	3085338	3086812	210.999
chr1	3086813	3088379	196.867
chr1	3088380	3089920	179.052
chr1	3089921	3091437	210.163
chr1	3091439	3092954	196.947
chr1	3092957	3094448	212.509
chr1	3094449	3095945	215.915
chr1	3095946	3097372	212.277
chr1	3097375	3098930	198.006
chr1	3098933	3100444	211.467
chr1	3100450	3101995	171.013
chr1	3101996	3103582	160.487
chr1	3103584	3105173	155.707
chr1	3105174	3106603	218.105
chr1	3106606	3108129	190.093
chr1	3108130	3109702	171.691
chr1	3109704	3111206	181.049
chr1	3111207	3112667	209.3
chr1	3112668	3114156	223.087
chr1	3114157	3115621	208.366
chr1	3115623	3117185	196.291
chr1	3117186	3118689	199.064
chr1	3118691	3120219	194.315
chr1	3120220	3121872	173.888
chr1	3121873	3123475	165.759
chr1	3123476	3125083	172.793
chr1	3125084	3126640	188.259
chr1	3126641	3128154	189.307
chr1	3128156	3129617	209.896
chr1	3129618	3131160	209.533
chr1	3131161	3132717	183.165
chr1	3132718	3134210	186.204
chr1	3134211	3135664	192.137
chr1	3135666	3137178	182.616
chr1	3137179	3138622	201.51
chr1	3138624	3140169	215.335
chr1	3140171	3141636	190.625
chr1	3141637	3143237	196.803
chr1	3143238	3144713	202.855
chr1	3144715	3146232	194.916
chr1	3146233	3147754	208.232
chr1	3147756	3149233	203.111
chr1	3149234	3150745	192.698
chr1	3150746	3152183	203.034
chr1	3152185	3153729	181.543
chr1	3153730	3155230	195.201
chr1	3155231	3156741	192.617
chr1	3156742	3158245	191.375
chr1	3158246	3159862	164.107
chr1	3159863	3161358	186.72
chr1	3161359	3162854	187.992
chr1	3162858	3164353	189.502
chr1	3164355	3165918	171.56
chr1	3165919	3167548	175.365
chr1	3167549	3169134	177.666
chr1	3169135	3170693	164.084
chr1	3170694	3172314	178.051
chr1	3172315	3173916	170.897
chr1	3173919	3175432	170.105
chr1	3175434	3176990	186.166
chr1	3176992	3178592	194.962
chr1	3178594	3180112	184.22
chr1	3180113	3181602	188.284
chr1	3181603	3183136	183.022
chr1	3183138	3184726	189.805
chr1	3184728	3186269	171.83
chr1	3186272	3187799	182.728
chr1	3187800	3189388	176.18
chr1	3189389	3190916	184.369
chr1	3190917	3192493	186.891
chr1	3192494	3194010	197.514
chr1	3194013	3195528	201.279
chr1	3195529	3197000	191.426
chr1	3197003	3198548	199.487
chr1	3198549	3200288	138.383
chr1	3200292	3201823	202.507
chr1	3201825	3203337	197.82
chr1	3203338	3204814	207.5
chr1	3204815	3206342	175.928
chr1	3206343	3207833	193.117
chr1	3207834	3209381	191.907
chr1	3209382	3210985	182.282
chr1	3210988	3212541	179.033
chr1	3212545	3214107	188.092
chr1	3214109	3215745	163.411
chr1	3215750	3217262	168.341
chr1	3217263	3218762	184.911
chr1	3218764	3220376	162.439
chr1	3220378	3221945	178.678
chr1	3221946	3223450	185.274
chr1	3223451	3225031	167.482
chr1	3225035	3226649	176.862
chr1	3226650	3228177	195.376
chr1	3228178	3229630	184.079
chr1	3229631	3231137	200.047
chr1	3231138	3232684	191.489
chr1	3232685	3234231	185.552
chr1	3234234	3235761	173.982
chr1	3235762	3237311	181.822
chr1	3237312	3238894	176.662
chr1	3238895	3240440	181.126
chr1	3240441	3242005	178.576
chr1	3242007	3243595	165.023
chr1	3243597	3245226	174.273
chr1	3245227	3246799	179.454
chr1	3246800	3248333	187.841
chr1	3248335	3249908	174.317
chr1	3249911	3251487	161.702
chr1	3251488	3253042	178.071
chr1	3253043	3254512	262.091
chr1	3254513	3255716	456.011
chr1	3255718	3256928	351.988
chr1	3256929	3258165	384.039
chr1	3258166	3259399	387.457
chr1	3259400	3260899	172.927
chr1	3260900	3262426	179.452
chr1	3262428	3263961	182.63
chr1	3263962	3265480	173.429
chr1	3265482	3266965	188.705
chr1	3266966	3268543	166.268
chr1	3268544	3270061	168.689
chr1	3270062	3271569	201.676
chr1	3271570	3273097	177.007
chr1	3273098	3274692	176.887
chr1	3274694	3276263	170.35
chr1	3276264	3277872	169.545
chr1	3277873	3279371	201.207
chr1	3279372	3280967	194.507
chr1	3280968	3282486	185.805
chr1	3282487	3284070	168.438
chr1	3284072	3285763	129.825
chr1	3285764	3287342	157.968
chr1	3287344	3288962	163.896
chr1	3288965	3290607	164.058
chr1	3290608	3292074	181.591
chr1	3292075	3293626	175.558
chr1	3293627	3295203	165.049
chr1	3295206	3296830	151.754
chr1	3296831	3298419	157.025
chr1	3298420	3299966	190.695
chr1	3299967	3301531	173.339
chr1	3301532	3303091	179.539
chr1	3303092	3304668	183.189
chr1	3304669	3306226	161.183
chr1	3306227	3307756	177.792
chr1	3307757	3309249	188.56
chr1	3309250	3310862	168.175
chr1	3310863	3312470	156.858
chr1	3312471	3314028	172.006
chr1	3314029	3315585	192.289
chr1	3315586	3317237	158.102
chr1	3317238	3318838	173.916
chr1	3318840	3320311	189.142
chr1	3320312	3321832	183.806
chr1	3321833	3323378	187.802
chr1	3323379	3324923	190.387
chr1	3324924	3326488	193.228
chr1	3326489	3328152	159.208
chr1	3328153	3329731	168.002
chr1	3329732	3331246	203.701
chr1	3331247	3332818	165.766
chr1	3332820	3334388	181.368
chr1	3334389	3335793	346.974
chr1	3335797	3337358	175.822
chr1	3337359	3338871	193.411
chr1	3338872	3340462	175.448
chr1	3340464	3341984	183.722
chr1	3341986	3343536	180.852
chr1	3343537	3345114	178.547
chr1	3345117	3346600	198.345
chr1	3346601	3348143	174.878
chr1	3348144	3349745	176.192
chr1	3349746	3351335	181.455
chr1	3351336	3352915	186.195
chr1	3352918	3354433	179.2
chr1	3354434	3355938	183.194
chr1	3355939	3357478	201.276
chr1	3357479	3358969	206.852
chr1	3358971	3360507	181.294
chr1	3360508	3362075	180.271
chr1	3362076	3363570	193.07
chr1	3363571	3365029	207.818
chr1	3365032	3366597	183.023
chr1	3366599	3368198	173.164
chr1	3368200	3369744	202.3
chr1	3369745	3371325	168.979
chr1	3371328	3372806	197.883
chr1	3372807	3374274	216.595
chr1	3374275	3375796	196.81
chr1	3375800	3377371	181.588
chr1	3377373	3378860	202.612
chr1	3378861	3380412	166.576
chr1	3380413	3381930	190.708
chr1	3381931	3383489	183.826
chr1	3383490	3385075	181.159
chr1	3385076	3386639	171.304
chr1	3386640	3388208	189.907
chr1	3388209	3389632	204.596
chr1	3389634	3391168	179.621
chr1	3391169	3392668	197.813
chr1	3392670	3394231	186.973
chr1	3394233	3395789	163.197
chr1	3395791	3397326	181.605
chr1	3397330	3398795	209.912
chr1	3398797	3400346	190.133
chr1	3400347	3401772	219.731
chr1	3401774	3403205	207.206
chr1	3403209	3404676	200.584
chr1	3404677	3406218	208.877
chr1	3406220	3407712	197.407
chr1	3407713	3409183	201.301
chr1	3409185	3410710	194.014
chr1	3410712	3412276	183.134
chr1	3412277	3413814	196.777
chr1	3413816	3415462	153.031
chr1	3415464	3417077	153.263
chr1	3417079	3418561	208.773
chr1	3418563	3420097	198.835
chr1	3420098	3421692	181.805
chr1	3421693	3423276	169.285
chr1	3423277	3424760	188.408
chr1	3424761	3426255	203.828
chr1	3426256	3427896	161.182
chr1	3427898	3429509	163.728
chr1	3429510	3431017	196.832
chr1	3431019	3432497	193.462
chr1	3432498	3434076	189.764
chr1	3434078	3435565	177.651
chr1	3435567	3437187	186.233
chr1	3437188	3438643	203.225
chr1	3438644	3440278	174.353
chr1	3440280	3441742	191.805
chr1	3441743	3443269	190.95
chr1	3443270	3444741	193.009
chr1	3444744	3446324	173.875
chr1	3446325	3447859	181.272
chr1	3447861	3449437	187.269
chr1	3449438	3450919	195.933
chr1	3450920	3452583	161.327
chr1	3452584	3454016	221.155
chr1	3454018	3455597	175.572
chr1	3455598	3457159	179.365
chr1	3457160	3458652	191.744
chr1	3458654	3460140	200.749
chr1	3460142	3461616	203.022
chr1	3461617	3463165	184.902
chr1	3463166	3464738	165.486
chr1	3464739	3466360	158.17
chr1	3466364	3467886	190.523
chr1	3467888	3469425	186.734
chr1	3469426	3470946	212.669
chr1	3470948	3472479	174.987
chr1	3472485	3473979	208.369
chr1	3473980	3475471	194.92
chr1	3475473	3476930	208.551
chr1	3476931	3478412	189.71
chr1	3478413	3479914	211.776
chr1	3479918	3481435	217.786
chr1	3481437	3483019	171.289
chr1	3483020	3484634	154.191
chr1	3484635	3486165	177.169
chr1	3486166	3487769	171.737
chr1	3487770	3489318	172.59
chr1	3489319	3490779	225.46
chr1	3490782	3492340	179.432
chr1	3492341	3493806	218.847
chr1	3493808	3495369	191.936
chr1	3495370	3496888	192.296
chr1	3496889	3498385	176.838
chr1	3498386	3499900	182.443
chr1	3499901	3501435	193.854
chr1	3501436	3502916	192.335
chr1	3502918	3504403	188.658
chr1	3504405	3505964	197.349
chr1	3505965	3507394	218.312
chr1	3507395	3508891	194.395
chr1	3508892	3510408	189.296
chr1	3510411	3511868	200.394
chr1	3511869	3513279	208.615
chr1	3513280	3514738	204.218
chr1	3514739	3516138	235.96
chr1	3516142	3517654	183.037
chr1	3517656	3519162	219.26
chr1	3519164	3520723	210.127
chr1	3520725	3522168	238.326
chr1	3522169	3523572	225.258
chr1	3523573	3525009	224.332
chr1	3525010	3526559	176.748
chr1	3526561	3528125	187.976
chr1	3528126	3529632	208.999
chr1	3529637	3531100	224.781
chr1	3531104	3532632	201.37
chr1	3532634	3534133	196.89
chr1	3534134	3535650	202.816
chr1	3535651	3537059	214.354
chr1	3537060	3538535	209.149
chr1	3538539	3540020	217.115
chr1	3540021	3541520	198.091
chr1	3541521	3542988	213.811
chr1	3542989	3544498	208.067
chr1	3544499	3545995	207.243
chr1	3545996	3547426	212.95
chr1	3547428	3548939	204.159
chr1	3548940	3550367	237.389
chr1	3550368	3551925	175.856
chr1	3551926	3553167	353.889
chr1	3553169	3554649	208.576
chr1	3554651	3556119	217.556
chr1	3556122	3557691	195.68
chr1	3557695	3559225	190.658
chr1	3559226	3560717	206.016
chr1	3560718	3562198	190.403
chr1	3562199	3563761	179.858
chr1	3563763	3565251	199.016
chr1	3565252	3566796	186.52
chr1	3566797	3568227	204.318
chr1	3568228	3569682	185.941
chr1	3569683	3571191	216.276
chr1	3571192	3572703	199.053
chr1	3572704	3574190	219.184
chr1	3574191	3575769	182.713
chr1	3575771	3577250	202.028
chr1	3577252	3578797	206.671
chr1	3578803	3580270	218.806
chr1	3580272	3581707	209.804
chr1	3581709	3583199	202.601
chr1	3583201	3584688	200.189
chr1	3584689	3586253	198.399
chr1	3586255	3587815	182.252
chr1	3587816	3589297	195.452
chr1	3589298	3590814	177.928
chr1	3590815	3592275	206.753
chr1	3592276	3593814	178.144
chr1	3593815	3595234	217.32
chr1	3595236	3596759	196.581
chr1	3596761	3598367	157.513
chr1	3598370	3599997	167.673
chr1	3599998	3601623	145.38
chr1	3601625	3603237	164.309
chr1	3603238	3604765	171.152
chr1	3604766	3606293	187.18
chr1	3606294	3607768	188.315
chr1	3607770	3609311	179.755
chr1	3609312	3610885	164.209
chr1	3610886	3612286	202.424
chr1	3612287	3613721	207.63
chr1	3613722	3615294	179.518
chr1	3615295	3616745	195.94
chr1	3616746	3618188	202.716
chr1	3618190	3619670	184.304
chr1	3619671	3621194	183.184
chr1	3621196	3622622	218.974
chr1	3622623	3624145	191.008
chr1	3624146	3625621	196.618
chr1	3625622	3627191	178.343
chr1	3627192	3628805	158.182
chr1	3628806	3630294	175.59
chr1	3630295	3631792	192.334
chr1	3631793	3633280	213.904
chr1	3633281	3634826	180.384
chr1	3634827	3636512	139.377
chr1	3636513	3638164	161.03
chr1	3638167	3639486	375.3
chr1	3639487	3641105	158.55
chr1	3641107	3642646	193.104
chr1	3642648	3644135	201.813
chr1	3644136	3645632	220.096
chr1	3645634	3647076	192.716
chr1	3647078	3648612	194.916
chr1	3648613	3650195	170.949
chr1	3650197	3651716	194.993
chr1	3651717	3653164	214.485
chr1	3653165	3654728	173.398
chr1	3654730	3656199	207.26
chr1	3656200	3657725	190.855
chr1	3657726	3659232	186.482
chr1	3659233	3660795	191.209
chr1	3660798	3662324	190.688
chr1	3662326	3663784	189.572
chr1	3663786	3665304	189.75
chr1	3665305	3666808	184.058
chr1	3666810	3668339	205.844
chr1	3668340	3669751	199.384
chr1	3669754	3671286	171.065
chr1	3671287	3672744	195.564
chr1	3672745	3674288	173.935
chr1	3674289	3675794	164.786
chr1	3675795	3677361	170.85
chr1	3677364	3678958	155.273
chr1	3678959	3680550	151.508
chr1	3680552	3682118	159.99
chr1	3682119	3683500	209.533
chr1	3683502	3684995	195.421
chr1	3684998	3686610	164.427
chr1	3686611	3688246	155.897
chr1	3688249	3689757	167.436
chr1	3689758	3691325	168.326
chr1	3691326	3692872	183.09
chr1	3692874	3694453	157.901
chr1	3694454	3696032	156.914
chr1	3696033	3697628	158.991
chr1	3697630	3699281	141.778
chr1	3699282	3700756	196.373
chr1	3700757	3702315	172.626
chr1	3702320	3703926	151.714
chr1	3703927	3705554	155.308
chr1	3705556	3707169	160.507
chr1	3707170	3708721	164.508
chr1	3708722	3710309	166.782
chr1	3710310	3711876	158.413
chr1	3711877	3713517	157.227
chr1	3713519	3715074	165.826
chr1	3715075	3716530	194.906
chr1	3716531	3718090	167.259
chr1	3718091	3719614	167.024
chr1	3719616	3721131	173.261
chr1	3721133	3722673	180.617
chr1	3722674	3724205	183.708
chr1	3724207	3725755	166.71
chr1	3725756	3727183	199.979
chr1	3727184	3728746	182.796
chr1	3728748	3730317	174.574
chr1	3730318	3731872	193.088
chr1	3731874	3733449	181.631
chr1	3733450	3735061	175.229
chr1	3735062	3736612	185.264
chr1	3736614	3738142	185.075
chr1	3738143	3739685	183.707
chr1	3739686	3741161	202.508
chr1	3741163	3742720	192.147
chr1	3742721	3744249	182.317
chr1	3744252	3745834	186.641
chr1	3745836	3747494	154.859
chr1	3747495	3749051	180.487
chr1	3749054	3750569	182.427
chr1	3750570	3752145	180.132
chr1	3752147	3753756	184.595
chr1	3753757	3755310	185.578
chr1	3755311	3756907	158.131
chr1	3756908	3758481	162.752
chr1	3758483	3760095	172.897
chr1	3760096	3761713	160.733
chr1	3761714	3763317	167.987
chr1	3763318	3764924	156.739
chr1	3764925	3766524	171.574
chr1	3766526	3768096	167.765
chr1	3768098	3769641	157.414
chr1	3769642	3771252	169.308
chr1	3771253	3772904	156.354
chr1	3772905	3774424	189.35
chr1	3774426	3775994	167.86
chr1	3775997	3777553	202.338
chr1	3777554	3779118	187.686
chr1	3779120	3780652	185.618
chr1	3780654	3782186	163.622
chr1	3782187	3783729	174.797
chr1	3783730	3785375	172.943
chr1	3785378	3786895	200.661
chr1	3786896	3788484	172.987
chr1	3788485	3790132	155.475
chr1	3790134	3791687	179.862
chr1	3791689	3792898	370.696
chr1	3792899	3794522	163.155
chr1	3794523	3796143	153.484
chr1	3796144	3797788	172.611
chr1	3797789	3799392	162.763
chr1	3799393	3801013	167.86
chr1	3801014	3802207	353.836
chr1	3802208	3803422	366.977
chr1	3803423	3804641	325.117
chr1	3804642	3805851	370.636
chr1	3805852	3807281	218.473
chr1	3807282	3808805	170.515
chr1	3808806	3810424	149.863
chr1	3810427	3812048	170.493
chr1	3812049	3813615	168.451
chr1	3813616	3815233	161.091
chr1	3815235	3816811	169.383
chr1	3816812	3818399	163.929
chr1	3818401	3819999	165.656
chr1	3820000	3821555	174.938
chr1	3821562	3823075	187.138
chr1	3823076	3824564	201.667
chr1	3824566	3826132	163.477
chr1	3826137	3827690	174.828
chr1	3827691	3829326	175.209
chr1	3829327	3830971	164.838
chr1	3830973	3832623	172.228
chr1	3832624	3834123	192.137
chr1	3834124	3835659	186.59
chr1	3835664	3837283	177.253
chr1	3837284	3838815	173.372
chr1	3838816	3840313	187.145
chr1	3840315	3841936	173.1
chr1	3841937	3843477	171.681
chr1	3843478	3845002	180.662
chr1	3845003	3846646	151.936
chr1	3846649	3848180	178.358
chr1	3848182	3849719	172.622
chr1	3849721	3851326	164.603
chr1	3851327	3852949	172.705
chr1	3852950	3854586	145.326
chr1	3854587	3856129	166.977
chr1	3856131	3857688	167.689
chr1	3857689	3859248	176.224
chr1	3859249	3860811	164.353
chr1	3860812	3862346	171.993
chr1	3862348	3863987	139.408
chr1	3863988	3865818	115.259
chr1	3865819	3867537	146.32
chr1	3867538	3869167	158.661
chr1	3869168	3870755	168.583
chr1	3870758	3872361	161.02
chr1	3872362	3873995	160.583
chr1	3873996	3875673	151.961
chr1	3875674	3877205	192.894
chr1	3877209	3878801	165.917
chr1	3878804	3880447	154.079
chr1	3880453	3882104	149.651
chr1	3882105	3883746	155.42
chr1	3883747	3885329	158.982
chr1	3885330	3886939	161.217
chr1	3886941	3888570	160.269
chr1	3888573	3890181	153.406
chr1	3890183	3891854	141.758
chr1	3891855	3893502	154.643
chr1	3893503	3895102	177.898
chr1	3895105	3896729	146.478
chr1	3896733	3898337	166.49
chr1	3898339	3900007	161.909
chr1	3900008	3901636	154.678
chr1	3901637	3903273	151.761
chr1	3903274	3904800	177.718
chr1	3904801	3906407	168.489
chr1	3906409	3908013	148.347
chr1	3908014	3909652	149.686
chr1	3909653	3911273	156.759
chr1	3911275	3912534	344.315
chr1	3912535	3913821	321.483
chr1	3913822	3915080	289.871
chr1	3915081	3916403	287.44
chr1	3916404	3917971	173.76
chr1	3917974	3919689	144.091
chr1	3919691	3921542	114.778
chr1	3921543	3923270	152.276
chr1	3923272	3924921	147.695
chr1	3924923	3926614	135.491
chr1	3926615	3928318	152.707
chr1	3928319	3929976	153.294
chr1	3929978	3931700	145.999
chr1	3931702	3933312	164.362
chr1	3933313	3934822	174.579
chr1	3934823	3936440	163.128
chr1	3936442	3938071	139.022
chr1	3938077	3939742	147.692
chr1	3939743	3941419	141.837
chr1	3941420	3943083	152.071
chr1	3943085	3944601	179.533
chr1	3944604	3946308	143.588
chr1	3946309	3947862	173.035
chr1	3947863	3949360	189.906
chr1	3949363	3950951	166.463
chr1	3950952	3952426	190.307
chr1	3952427	3954007	184.509
chr1	3954008	3955769	142.252
chr1	3955771	3957241	194.682
chr1	3957243	3958785	189.142
chr1	3958787	3960364	170.324
chr1	3960365	3961904	197.18
chr1	3961905	3963572	151.248
chr1	3963573	3965187	168.084
chr1	3965188	3966784	177.414
chr1	3966785	3968385	162.417
chr1	3968386	3970039	164.699
chr1	3970040	3971667	152.89
chr1	3971668	3973274	187.04
chr1	3973276	3974819	190.275
chr1	3974820	3976303	189.904
chr1	3976304	3977944	162.717
chr1	3977945	3979566	160.335
chr1	3979568	3981157	161.777
chr1	3981158	3982764	186.778
chr1	3982767	3984505	150.988
chr1	3984506	3986109	183.973
chr1	3986111	3987695	173.855
chr1	3987696	3989154	196.583
chr1	3989155	3990766	166.338
chr1	3990767	3992306	182.176
chr1	3992307	3993860	183.683
chr1	3993861	3995465	163.516
chr1	3995467	3997011	180.281
chr1	3997012	3998657	169.552
chr1	3998658	4000226	179.879
chr1	4000228	4001838	177.011
chr1	4001839	4003389	176.712
chr1	4003390	4004936	169.128
chr1	4004937	4006563	161.545
chr1	4006569	4008188	192.644
chr1	4008189	4009781	161.106
chr1	4009785	4011417	153.683
chr1	4011418	4013016	173.997
chr1	4013018	4014566	183.964
chr1	4014568	4016210	163.611
chr1	4016212	4017919	147.915
chr1	4017921	4019514	177.344
chr1	4019515	4021204	144.32
chr1	4021207	4022837	158.495
chr1	4022838	4024467	159.861
chr1	4024470	4026080	152.902
chr1	4026082	4027738	173.748
chr1	4027739	4029280	173.0
chr1	4029281	4030845	176.429
chr1	4030846	4032399	170.479
chr1	4032400	4033904	197.126
chr1	4033905	4035471	179.769
chr1	4035473	4037104	156.458
chr1	4037107	4038717	155.814
chr1	4038718	4040297	173.796
chr1	4040298	4041866	166.214
chr1	4041868	4043570	159.585
chr1	4043572	4044912	302.681
chr1	4044913	4046205	328.803
chr1	4046206	4047461	307.761
chr1	4047463	4048692	376.083
chr1	4048693	4050097	221.713
chr1	4050098	4051784	154.381
chr1	4051785	4053434	148.44
chr1	4053436	4054962	194.391
chr1	4054963	4056676	151.677
chr1	4056678	4058357	151.611
chr1	4058358	4059972	163.605
chr1	4059974	4061564	166.518
chr1	4061568	4063240	155.54
chr1	4063241	4064807	178.738
chr1	4064809	4066368	187.397
chr1	4066370	4067988	160.112
chr1	4067991	4069681	150.964
chr1	4069682	4071203	180.479
chr1	4071204	4072753	181.236
chr1	4072755	4074329	171.273
chr1	4074334	4075908	175.696
chr1	4075911	4077477	173.301
chr1	4077480	4079023	178.439
chr1	4079024	4080641	160.7
chr1	4080642	4082271	165.688
chr1	4082272	4083925	154.679
chr1	4083927	4085477	184.196
chr1	4085478	4086673	387.274
chr1	4086674	4087905	338.065
chr1	4087906	4089106	343.83
chr1	4089108	4090347	353.897
chr1	4090348	4091935	176.398
chr1	4091937	4093531	178.519
chr1	4093536	4095143	173.796
chr1	4095144	4096779	153.241
chr1	4096782	4098542	137.546
chr1	4098543	4100260	145.594
chr1	4100264	4101882	154.78
chr1	4101883	4103448	173.3
chr1	4103449	4105079	154.791
chr1	4105080	4106716	158.093
chr1	4106717	4108325	160.475
chr1	4108328	4109878	193.753
chr1	4109879	4111436	177.155
chr1	4111437	4113185	150.667
chr1	4113188	4114759	168.171
chr1	4114760	4116288	197.987
chr1	4116290	4117832	179.205
chr1	4117833	4119477	154.729
chr1	4119480	4121186	154.642
chr1	4121187	4122769	156.918
chr1	4122770	4124350	163.839
chr1	4124351	4125864	186.699
chr1	4125865	4127399	170.274
chr1	4127402	4129083	144.182
chr1	4129084	4130698	160.524
chr1	4130699	4132227	204.56
chr1	4132228	4133777	191.449
chr1	4133778	4135289	180.059
chr1	4135290	4136892	169.875
chr1	4136894	4138562	140.502
chr1	4138563	4140076	171.266
chr1	4140077	4141643	189.486
chr1	4141644	4143192	178.004
chr1	4143193	4144785	162.325
chr1	4144786	4146443	141.546
chr1	4146447	4147985	181.031
chr1	4147986	4149531	185.16
chr1	4149532	4151157	162.718
chr1	4151161	4152860	135.903
chr1	4152861	4154407	172.702
chr1	4154408	4155945	177.61
chr1	4155946	4157468	173.671
chr1	4157469	4159051	156.071
chr1	4159053	4160755	152.881
chr1	4160758	4162318	185.897
chr1	4162320	4163902	167.915
chr1	4163903	4165530	157.62
chr1	4165531	4167086	170.799
chr1	4167087	4168656	180.839
chr1	4168657	4170160	182.096
chr1	4170162	4171774	165.202
chr1	4171775	4173317	209.594
chr1	4173318	4175007	157.372
chr1	4175009	4176623	177.991
chr1	4176624	4178215	185.826
chr1	4178216	4179690	207.429
chr1	4179691	4181315	170.946
chr1	4181316	4182952	179.442
chr1	4182955	4184538	173.785
chr1	4184539	4186078	199.417
chr1	4186079	4187592	181.201
chr1	4187593	4189241	169.25
chr1	4189242	4190858	241.633
chr1	4190861	4192591	153.729
chr1	4192592	4194299	150.166
chr1	4194301	4195873	196.435
chr1	4195874	4197462	174.532
chr1	4197463	4199115	154.971
chr1	4199117	4200664	184.819
chr1	4200665	4202219	184.828
chr1	4202220	4203694	194.322
chr1	4203699	4205220	197.507
chr1	4205221	4206736	204.168
chr1	4206737	4208309	184.931
chr1	4208311	4209791	193.79
chr1	4209792	4211273	217.493
chr1	4211275	4212773	184.529
chr1	4212774	4214351	165.32
chr1	4214353	4215926	184.661
chr1	4215927	4217438	184.719
chr1	4217440	4218940	176.165
chr1	4218941	4220472	193.998
chr1	4220473	4221922	212.586
chr1	4221925	4223458	190.228
chr1	4223462	4224980	206.917
chr1	4224982	4226518	173.055
chr1	4226520	4228015	192.529
chr1	4228016	4229554	169.911
chr1	4229556	4231056	183.668
chr1	4231057	4232539	195.137
chr1	4232540	4234042	195.319
chr1	4234043	4235553	207.382
chr1	4235554	4237054	182.861
chr1	4237055	4238526	199.126
chr1	4238529	4240005	209.228
chr1	4240007	4241481	224.559
chr1	4241483	4242983	213.747
chr1	4242984	4244380	226.741
chr1	4244384	4245897	199.896
chr1	4245899	4247298	223.017
chr1	4247299	4248713	227.732
chr1	4248716	4250154	226.103
chr1	4250155	4251658	180.374
chr1	4251659	4253164	201.845
chr1	4253165	4254603	208.027
chr1	4254604	4256056	205.548
chr1	4256057	4257524	216.961
chr1	4257526	4259038	208.803
chr1	4259039	4260604	190.187
chr1	4260605	4262117	201.545
chr1	4262120	4263605	197.098
chr1	4263607	4265137	192.892
chr1	4265139	4266626	193.782
chr1	4266627	4268103	203.207
chr1	4268105	4269661	185.487
chr1	4269662	4271239	191.723
chr1	4271240	4272755	180.66
chr1	4272756	4274267	197.749
chr1	4274269	4275796	179.692
chr1	4275797	4277291	197.516
chr1	4277292	4278879	179.159
chr1	4278881	4280390	187.441
chr1	4280393	4281913	196.545
chr1	4281915	4283400	207.536
chr1	4283404	4284922	192.106
chr1	4284923	4286425	182.395
chr1	4286428	4287887	194.039
chr1	4287890	4289439	195.936
chr1	4289440	4290903	203.795
chr1	4290905	4292354	194.495
chr1	4292356	4293870	196.378
chr1	4293871	4295410	201.357
chr1	4295411	4296932	182.55
chr1	4296933	4298455	189.584
chr1	4298457	4299927	194.951
chr1	4299928	4301474	196.503
chr1	4301475	4302985	198.664
chr1	4302986	4304518	174.712
chr1	4304519	4306015	199.82
chr1	4306016	4307510	202.127
chr1	4307511	4309075	170.872
chr1	4309076	4310585	191.534
chr1	4310586	4312157	163.865
chr1	4312159	4313608	195.372
chr1	4313609	4315090	205.639
chr1	4315091	4316624	204.945
chr1	4316625	4318085	200.778
chr1	4318087	4319602	190.862
chr1	4319603	4321090	190.076
chr1	4321091	4322589	206.216
chr1	4322592	4324129	197.826
chr1	4324132	4325667	208.922
chr1	4325668	4327122	209.803
chr1	4327123	4328575	212.28
chr1	4328576	4330033	206.221
chr1	4330034	4331549	201.708
chr1	4331550	4333043	196.012
chr1	4333045	4334500	204.646
chr1	4334501	4336006	188.89
chr1	4336007	4337548	210.315
chr1	4337549	4338993	209.163
chr1	4338994	4340495	209.379
chr1	4340497	4341983	209.101
chr1	4341986	4343416	214.546
chr1	4343417	4344976	187.269
chr1	4344977	4346462	212.71
chr1	4346463	4347929	211.668
chr1	4347930	4349438	191.863
chr1	4349440	4350933	198.301
chr1	4350934	4352519	182.988
chr1	4352521	4354081	187.934
chr1	4354083	4355596	169.189
chr1	4355597	4357138	173.006
chr1	4357139	4358746	156.295
chr1	4358747	4360333	179.299
chr1	4360334	4361871	163.229
chr1	4361872	4363388	206.823
chr1	4363389	4364875	198.813
chr1	4364876	4366401	200.046
chr1	4366402	4367874	195.285
chr1	4367876	4369388	208.129
chr1	4369389	4370870	201.268
chr1	4370871	4372422	179.12
chr1	4372423	4373897	190.336
chr1	4373898	4375456	175.268
chr1	4375459	4376996	177.839
chr1	4376997	4378495	188.279
chr1	4378496	4380059	173.244
chr1	4380060	4381495	201.037
chr1	4381497	4382930	197.851
chr1	4382931	4384572	142.656
chr1	4384573	4386182	182.376
chr1	4386185	4387634	210.341
chr1	4387635	4389161	174.858
chr1	4389162	4390656	192.141
chr1	4390658	4392092	221.59
chr1	4392093	4393579	216.213
chr1	4393580	4395044	204.364
chr1	4395045	4396492	231.755
chr1	4396494	4398043	204.006
chr1	4398045	4399556	195.484
chr1	4399557	4401055	213.086
chr1	4401057	4402610	193.58
chr1	4402611	4403874	366.789
chr1	4403875	4405347	235.217
chr1	4405349	4406808	184.665
chr1	4406809	4408276	194.606
chr1	4408277	4409720	196.95
chr1	4409722	4411241	177.235
chr1	4411244	4412735	185.837
chr1	4412736	4414261	181.914
chr1	4414262	4415758	196.237
chr1	4415761	4417274	191.823
chr1	4417275	4418899	162.105
chr1	4418902	4420208	361.286
chr1	4420209	4421800	164.64
chr1	4421804	4423276	219.832
chr1	4423279	4424813	185.481
chr1	4424815	4426335	192.315
chr1	4426336	4427790	196.67
chr1	4427791	4429202	231.489
chr1	4429203	4430639	223.616
chr1	4430640	4432081	227.732
chr1	4432082	4433551	213.188
chr1	4433552	4435093	169.757
chr1	4435096	4436584	200.213
chr1	4436585	4438023	214.576
chr1	4438025	4439423	239.632
chr1	4439424	4440874	214.985
chr1	4440875	4442352	198.258
chr1	4442355	4443776	215.505
chr1	4443779	4445202	235.895
chr1	4445205	4446665	232.166
chr1	4446666	4448171	207.194
chr1	4448173	4449423	411.993
chr1	4449426	4450850	211.851
chr1	4450851	4452306	225.071
chr1	4452307	4453907	162.098
chr1	4453909	4455399	191.244
chr1	4455400	4456756	324.141
chr1	4456757	4458217	220.453
chr1	4458218	4459703	191.433
chr1	4459704	4461129	223.725
chr1	4461131	4462603	198.028
chr1	4462604	4464138	187.18
chr1	4464139	4465610	207.745
chr1	4465611	4467167	193.282
chr1	4467168	4468703	174.881
chr1	4468704	4470230	193.869
chr1	4470231	4471743	186.282
chr1	4471745	4473355	167.405
chr1	4473356	4474860	196.816
chr1	4474861	4476330	216.336
chr1	4476331	4477830	211.64
chr1	4477831	4479431	180.28
chr1	4479432	4480913	201.177
chr1	4480914	4482499	188.991
chr1	4482500	4484097	172.933
chr1	4484098	4485621	181.612
chr1	4485622	4487170	214.494
chr1	4487171	4488664	189.051
chr1	4488665	4490159	190.51
chr1	4490160	4491768	170.891
chr1	4491769	4493270	204.268
chr1	4493275	4494784	186.049
chr1	4494785	4496317	200.906
chr1	4496319	4497875	181.895
chr1	4497876	4499459	177.981
chr1	4499460	4501001	184.541
chr1	4501004	4502411	225.434
chr1	4502413	4503931	201.09
chr1	4503934	4505443	207.081
chr1	4505445	4507016	174.912
chr1	4507017	4508531	181.928
chr1	4508534	4510066	178.592
chr1	4510069	4511581	196.303
chr1	4511582	4513103	184.007
chr1	4513104	4514707	171.338
chr1	4514708	4516169	202.016
chr1	4516171	4517665	183.035
chr1	4517666	4519073	215.64
chr1	4519077	4520615	191.723
chr1	4520616	4522233	173.145
chr1	4522234	4523773	192.268
chr1	4523774	4525291	212.083
chr1	4525292	4528118	192.798
